
layer: features.0.weight
shape: torch.Size([64, 3, 3, 3, 3])
weights: 
[[[[[  -1  -95 -109]
    [  83  126 -115]
    [ -82 -123  -35]]

   [[-111  124  -57]
    [   4   73  121]
    [  57  -87  -59]]

   [[  34   39   91]
    [ -91  102  100]
    [ -44  -94  125]]]


  [[[  94   38   82]
    [-106    4  -29]
    [-118  -38  116]]

   [[  10   -9  -16]
    [ 114  110  -18]
    [ -20 -124  -64]]

   [[  41   22 -120]
    [ 109   35   96]
    [  62  124  -48]]]


  [[[ -73  -46 -119]
    [ -22  -22    7]
    [ -98   66 -108]]

   [[  14  121 -121]
    [ 110  -86   75]
    [ -22   -9  -99]]

   [[  98   22  -69]
    [ -94   41   80]
    [  31 -110   97]]]]



 [[[[  61  -37   21]
    [  81   76  -52]
    [  53   56    6]]

   [[-126  117  114]
    [ -88   39  -84]
    [   2  -49 -112]]

   [[  63   75   72]
    [ 104  -23  -61]
    [ 106  124  -15]]]


  [[[  16  -13   -9]
    [  53 -108   26]
    [-120  123  -49]]

   [[   3   64  -14]
    [   4  101  112]
    [  -3 -115   32]]

   [[  56   -4  -91]
    [ -20  -65 -119]
    [ -92   77   34]]]


  [[[ -10  -94 -100]
    [ -27   67  -88]
    [  66 -127  103]]

   [[  85  -15 -125]
    [  96  -88   66]
    [-104   30   70]]

   [[-128  -41 -126]
    [ -43  -42   30]
    [  32   50  -23]]]]



 [[[[  87   70 -127]
    [  35  -43   67]
    [ 116   67  -89]]

   [[ -50  110  111]
    [ -59  -43  112]
    [   1  -36  -80]]

   [[  -2  115   47]
    [ -18   52   50]
    [  67    3  123]]]


  [[[  64  -62    5]
    [ -54  -25 -122]
    [ -94 -118 -114]]

   [[  57 -101  117]
    [ -99    3  -62]
    [  -5  -47   18]]

   [[  99  113    5]
    [  18  -91  109]
    [  59  -85  -63]]]


  [[[  72  122   48]
    [ -28   89   78]
    [  63 -119    0]]

   [[  22   36  121]
    [  89  -44   35]
    [ 112   62  119]]

   [[-128   62  106]
    [  30  -59   65]
    [  48   25 -104]]]]



 ...



 [[[[  44   17   73]
    [ -37  105  103]
    [ -67  -13  -75]]

   [[ -70   27  -12]
    [  87   18  -75]
    [ 126 -105  -80]]

   [[  89   74   71]
    [ -22  122  -78]
    [-122   29   37]]]


  [[[  55  125  125]
    [  13   42   43]
    [ 116  -30  -67]]

   [[ -80   24   71]
    [ -14   22   82]
    [ -87   46  -64]]

   [[ -50  -24 -117]
    [  53  120   53]
    [ -37  -96  123]]]


  [[[-115  -61  -17]
    [ -60 -113  116]
    [  53 -126   57]]

   [[-115 -101  -65]
    [  87   48   25]
    [ -36  -21  -22]]

   [[ -85   33  -14]
    [ -70   14  -96]
    [ -82   56   98]]]]



 [[[[ 121  109 -114]
    [  10  121   47]
    [  74  -80  106]]

   [[-123  109  -43]
    [ -19  -41   -5]
    [  -6   16   85]]

   [[ -64   19   -9]
    [ -54   24  -52]
    [ 114  -45  -71]]]


  [[[   1  106  -43]
    [   3   -2   54]
    [ -26   50   32]]

   [[  -2  -74   61]
    [ 109 -114    7]
    [  56   55  -47]]

   [[ 117   30   74]
    [ -97 -120  -66]
    [ -63   89  -70]]]


  [[[-117  -69   28]
    [  83  -36  -60]
    [ -43  -12   41]]

   [[ -87  112   46]
    [  -6  -87   -1]
    [  63 -120  115]]

   [[  82  117  118]
    [  -7   26   -1]
    [ 103   13 -115]]]]



 [[[[  40  -55 -128]
    [ -65  -13  -34]
    [ -30  -79  -37]]

   [[ -39  -35   84]
    [  95  -48   52]
    [ -73   39   -5]]

   [[  78  -36  -49]
    [ -73  -67  -37]
    [ -37  -51  -63]]]


  [[[ -60    4   28]
    [ -31  103  -19]
    [  24   28  -38]]

   [[ -41   82   49]
    [ 118   54   86]
    [ 123   71   85]]

   [[-122  115 -103]
    [ 117  -40   82]
    [ 113  -90  -60]]]


  [[[  33   69  -70]
    [  41  -80  -52]
    [  37 -112   29]]

   [[ -46  -51  106]
    [ -88   40   -3]
    [ -33  -39    7]]

   [[  93   74   63]
    [-125  -42   57]
    [-109    1   56]]]]]
--------------------------------------------------

layer: features.0.bias
shape: torch.Size([64])
Bias: 
[-0.21691868  0.51883096  0.03614951 -0.29812846 -0.07085845 -0.37711662
  0.06017967  0.28537205  0.13150395  0.21449575 -0.5013275  -0.37201774
  0.6161983  -0.35652673 -0.06149253 -0.28247324  0.01820057  0.5100592
  0.38325855  0.11773753  0.00741654 -0.03269888 -0.09138151 -0.20292951
  0.16714437 -0.24793854  0.4391032  -0.07719242 -0.10460486 -0.11171566
  0.95155495  0.29202864 -0.16073109  0.50025076 -0.08779869  0.52333516
  0.6764733   0.05979352  0.04109739 -0.06066583 -0.08971809  0.00426691
 -0.11904252  0.16399367 -0.05431045 -0.2978927   0.26616815 -0.42955855
  0.0110523  -0.02964536  0.17888491  0.39821315  0.20250706  0.08567237
 -0.28871304 -0.04285858 -0.1138882  -0.2929515   0.12616521  0.53043985
  0.32611486  0.98666877 -0.02754547 -0.04202112]
--------------------------------------------------

layer: features.3.weight
shape: torch.Size([128, 64, 3, 3, 3])
weights: 
[[[[[  63 -103 -101]
    [  89  -35  -89]
    [ -96  122  -37]]

   [[  15  -27 -124]
    [-104  -94  -92]
    [ -43  -80  110]]

   [[  34  -80   34]
    [  46  -10  -97]
    [  -6   77   -2]]]


  [[[  58   11 -116]
    [  95  119  -23]
    [ 104  -91  -42]]

   [[-113   65 -121]
    [-108  -37   73]
    [ -57  -61  -48]]

   [[-113  -34   58]
    [ -45   14  -16]
    [-117  105   73]]]


  [[[ 113 -112  106]
    [ -13   47  -38]
    [ -64   86   18]]

   [[  57  -23  -78]
    [  61   88   64]
    [  52 -115  -59]]

   [[  80   83   98]
    [-115  -81 -125]
    [  47  -87  -94]]]


  ...


  [[[-103  -56  -27]
    [-128  -79   27]
    [  58 -117   62]]

   [[ -51  -60    2]
    [ 119  -28  -48]
    [  15   72   65]]

   [[ -19  114  -42]
    [  64  -75  113]
    [ 102   42   80]]]


  [[[ -61  -68  -18]
    [  -8   97   43]
    [ 124  -21  -34]]

   [[  18   38   23]
    [  16  112    2]
    [  55  -11   26]]

   [[ -99   89  -87]
    [  28  -91 -113]
    [ -77  -83   62]]]


  [[[ -70   20  119]
    [ -96  120  112]
    [  78  -44   57]]

   [[  98  -79  -30]
    [  72  -14  -88]
    [-115  -22  -78]]

   [[  31   31   42]
    [  88  104  -60]
    [ -34  -55   30]]]]



 [[[[-107  -21   13]
    [ 100  -72   31]
    [ -36  -99   18]]

   [[ 108  -15   46]
    [ -47 -102   87]
    [  98   61   -6]]

   [[ 100   81  117]
    [-126   22   23]
    [  40   10  -78]]]


  [[[ -25 -114 -112]
    [ 109  -94  -81]
    [ -86  -27   91]]

   [[ -99   53  -23]
    [ 124   38   92]
    [  65   54  -83]]

   [[  43  -60   69]
    [  93   27   24]
    [  -7  107   32]]]


  [[[  96  -95 -111]
    [  28   88  -46]
    [ -55    4  -67]]

   [[  81  -70  -67]
    [ -26  100  123]
    [  -1  110   68]]

   [[  59 -106  125]
    [  11   31   15]
    [ 111  -73  104]]]


  ...


  [[[  50   48   37]
    [  65    6   44]
    [ -94   18  124]]

   [[  35  -65 -116]
    [ -82    9  -79]
    [ -54   33  111]]

   [[ 121  -29  127]
    [ -17  -89 -119]
    [  63 -127   72]]]


  [[[ 109  -57  115]
    [ -87   67  -89]
    [-121   28  -62]]

   [[-102 -123  -71]
    [  47   75  -52]
    [  33   46  -79]]

   [[  81 -102    2]
    [ -37   29  126]
    [ 127 -100  -34]]]


  [[[ -89  -33   10]
    [  72 -101  112]
    [  77   81 -118]]

   [[ -40  -34  -55]
    [ -81   37 -125]
    [  64  -56  -36]]

   [[ -20   -1  113]
    [  54  -13   32]
    [   5  -84   44]]]]



 [[[[-126  111 -112]
    [ 111   62  -59]
    [ -61  110   80]]

   [[  96 -103  -45]
    [-120 -103   62]
    [  58   84   56]]

   [[ -71  -56   34]
    [  -7  -30  -10]
    [  85  -45  -14]]]


  [[[  80   99   50]
    [  75 -108   35]
    [  93  103   77]]

   [[ 100   45  -84]
    [ -38   90   48]
    [ -87  -49   72]]

   [[  99  -47   41]
    [ -20   39  -20]
    [ -11   59  -49]]]


  [[[ -29  -86  116]
    [  90  -56 -109]
    [  99   32   20]]

   [[ -34  -84  -45]
    [ -80  -45  -21]
    [ -58   27   51]]

   [[  55   17  104]
    [ -53   87 -102]
    [-119  -67 -110]]]


  ...


  [[[-122   46  -60]
    [ -20   -2  -78]
    [-116   29   23]]

   [[-103   93   63]
    [ 115  -98   67]
    [-108  -81   76]]

   [[ 109 -122   57]
    [  65   10  -26]
    [  46  -15  -14]]]


  [[[ -86  110   29]
    [  91  -52   11]
    [ -76  -20 -111]]

   [[ 127   88  123]
    [   7  -63   78]
    [ -52   99   31]]

   [[  56 -113  -53]
    [ -46   58  -86]
    [ 100   66   70]]]


  [[[  66   -3  -57]
    [-119  -31   44]
    [ 104   91  -44]]

   [[ -59  -94   79]
    [ -45  -72  -85]
    [ 106  -75  -80]]

   [[-124  -32   73]
    [-101  100  -43]
    [  75  -57 -122]]]]



 ...



 [[[[ -12 -113   77]
    [ -81   58  -84]
    [ -89    7  -29]]

   [[  72  -64  -67]
    [ 121 -120   -3]
    [  89   62   80]]

   [[-101  -83  -91]
    [ -42   13   20]
    [  18   73  100]]]


  [[[ -12  -34  -48]
    [-105  -24  104]
    [  44   -2   85]]

   [[  47  -82  -31]
    [-110  -79   12]
    [ -64  -89   36]]

   [[-113 -123  -89]
    [  53   12   38]
    [  56   35   92]]]


  [[[  84  -94  -26]
    [  38  -16   12]
    [ 108  -43 -111]]

   [[   5  -63   -5]
    [ 106  -24  -73]
    [   8  -92 -118]]

   [[ -62   82  127]
    [ -52  -35   48]
    [  72   62   29]]]


  ...


  [[[ -45 -111  -85]
    [  85   34  -59]
    [  35   82  -18]]

   [[  74  100   17]
    [  95  -81  -94]
    [ 114  -29   53]]

   [[ 109  -56   35]
    [ 105  105   81]
    [-121  -98    1]]]


  [[[ -57    2 -109]
    [   0   65  109]
    [ -12 -123   32]]

   [[ -22  -65  100]
    [  45  -88   86]
    [-105  111 -123]]

   [[  50  -76   45]
    [   9  -46  -41]
    [ -78  -68 -126]]]


  [[[  38   46  -61]
    [ -31  -63   76]
    [-104  -41   68]]

   [[  53   93  -49]
    [-122   46 -122]
    [ -51   49 -123]]

   [[  89  127  -83]
    [ -14  -45  -90]
    [ 105  120   26]]]]



 [[[[ -33  -86  -25]
    [ -52  -66   36]
    [ -95   92  104]]

   [[   8  -34  -20]
    [  42   97 -108]
    [  17   97 -117]]

   [[  88    3  -96]
    [ -92  -45    9]
    [ -32    3   61]]]


  [[[ 117   70    0]
    [-121   92   67]
    [ -14  -91  107]]

   [[  89  108   93]
    [  47    0  -83]
    [ -74  -59   50]]

   [[  34   -6   11]
    [  62   20   99]
    [ -41  -55 -125]]]


  [[[ -74  -62  -31]
    [ -19  -30   70]
    [ 119   74  -61]]

   [[  22   74  -63]
    [-100  -19   40]
    [  60   -2  -14]]

   [[  14   -1  112]
    [ -31 -117 -110]
    [-126  -64   -5]]]


  ...


  [[[  -7   71   72]
    [ -69   97 -110]
    [ -49  126   17]]

   [[ -92  -28 -115]
    [   7  -69   91]
    [ 100  -28  -92]]

   [[  14  121  -84]
    [ 121  -77   66]
    [  67  112  -92]]]


  [[[  66   96   15]
    [  60   90   21]
    [ -63   61   41]]

   [[-126  -88   57]
    [-128   35  100]
    [-109  -59  -12]]

   [[  -5   43  -66]
    [ -80    1   28]
    [ -87  -94  -80]]]


  [[[  11  -37   42]
    [ -83  -16   64]
    [ -25   37 -122]]

   [[  52   65  -97]
    [ -67   91  104]
    [ -29   46   83]]

   [[   1   -6   85]
    [ -98  111  -34]
    [-106  -34   14]]]]



 [[[[  50   38   55]
    [ 104    4  -43]
    [  56   98   44]]

   [[  56  -42  -13]
    [ -51   -8   71]
    [ -44 -104  -93]]

   [[-104  -79  -94]
    [  -9   59   93]
    [ -21   55 -100]]]


  [[[ 121   20   87]
    [  59  -23   93]
    [-113 -124   94]]

   [[   8   -9 -101]
    [ -33  -72  116]
    [ -34  101   40]]

   [[  30   24   -4]
    [ -92  -10   53]
    [ 122  -94   70]]]


  [[[ 122  -26  122]
    [  72  -74  -32]
    [ -24 -116 -106]]

   [[ 110   52   61]
    [  93  127   61]
    [  -1  122  -65]]

   [[ -38 -110   -7]
    [  60   24   50]
    [ -14  -32   28]]]


  ...


  [[[-102  -19  116]
    [ -46   32   98]
    [ 101   14   99]]

   [[ 125  -64   93]
    [ -78  -78  -97]
    [ -13  110  -97]]

   [[  85  -16  -53]
    [  18 -123   57]
    [  -1  -46  -45]]]


  [[[ -99  101  -44]
    [  80  123  -36]
    [ -66   92  -45]]

   [[ -32  -55    7]
    [ 106  110 -122]
    [  -5   98  -60]]

   [[   8   46   80]
    [  23   -9   60]
    [-108   18   33]]]


  [[[  12   27   61]
    [  36   85  -24]
    [  82  108 -120]]

   [[  76   26   77]
    [  61   41  -49]
    [   8 -116   45]]

   [[  59   92  -21]
    [  88  -14  -36]
    [-103 -104   24]]]]]
--------------------------------------------------

layer: features.3.bias
shape: torch.Size([128])
Bias: 
[1.2730838  0.81301326 1.2475137  0.95316935 1.0573033  1.0114293
 0.83613646 0.93762803 1.1309158  0.9662026  0.9350979  1.1652358
 1.2858735  0.9672365  1.1550748  0.7213117  1.0588337  1.0990787
 1.1731318  1.162139   1.0631534  0.9563068  0.8060355  0.8759629
 0.82560927 1.2515247  0.9442095  0.8298492  0.95060176 0.65597737
 1.1095036  0.74615663 0.8797081  0.7009557  0.793209   0.8796163
 1.1437007  1.1209438  0.69502497 0.92128044 0.87365896 1.2526882
 0.9447333  0.71913475 1.1438484  0.7794277  1.0499815  0.9363395
 1.1823335  1.1132605  1.1759963  0.8966411  1.1165558  0.88260806
 1.0285851  0.7481897  1.1184735  1.0286633  0.9960418  1.1047972
 0.9848069  1.4421204  1.03875    1.0643156  1.2651894  1.0746597
 0.8634626  1.1966498  0.78568006 0.8577801  1.1876348  0.7172081
 1.0215961  1.2028301  0.9416618  0.9213272  0.6631563  1.2518892
 0.9007646  0.9253748  0.56097215 0.8748177  0.7660719  1.0902627
 0.8116669  1.2079252  0.7812582  1.0891689  0.9718818  0.8320879
 1.0145042  1.0628692  0.94490004 0.9931178  0.9700058  0.62506694
 0.84165925 0.8478221  1.1883066  1.0458322  1.1671402  1.0936604
 1.0795891  1.1094801  0.79102135 1.0113987  1.2314354  0.8097303
 1.1200635  0.9885525  0.7851866  1.044744   0.95885843 1.1531793
 0.81715345 0.72806144 1.0565089  1.1013184  1.0623119  0.9608441
 0.79679686 0.9644206  1.0686259  0.94128495 0.8847182  1.0527164
 1.1063577  0.88526577]
--------------------------------------------------

layer: features.6.weight
shape: torch.Size([256, 128, 3, 3, 3])
weights: 
[[[[[-105   -6  -40]
    [ -56  -61  -45]
    [ 100   68    0]]

   [[  33   10   54]
    [  -7  -71  -55]
    [ -92  104   49]]

   [[   9   61   33]
    [   5  -99   -4]
    [ -16  -82   68]]]


  [[[   3  -85  107]
    [ -43  -64  -26]
    [  98  -54  -47]]

   [[  21   10  -22]
    [ -99   18   11]
    [ 126 -107  -19]]

   [[ -72  -33   37]
    [ -87  -59  127]
    [ -24   23  -83]]]


  [[[ -53  -45   31]
    [ -31   20 -127]
    [  92   58   89]]

   [[ -51  117  -21]
    [  33 -112  -51]
    [ -90  105  -42]]

   [[ -84   26 -125]
    [ 101   -7  -99]
    [   9   87  -95]]]


  ...


  [[[  43 -109   44]
    [  51  -31  -88]
    [ -70    0   33]]

   [[  54  121 -110]
    [  83   95    8]
    [ -37   71  -85]]

   [[  20  -47  -16]
    [   7   -3   30]
    [   6  -49  -57]]]


  [[[ -49  114    6]
    [ -45   96   37]
    [ -43  -11 -115]]

   [[  91   68    0]
    [  33  105   62]
    [ -86    8 -112]]

   [[-127   53   27]
    [  -9 -126   79]
    [  64  -71  -32]]]


  [[[  24  -37  -95]
    [  32  -12   91]
    [  11  -24  -33]]

   [[ -85   15  -75]
    [  95 -108 -108]
    [ 100  -11   17]]

   [[  69   80  -35]
    [ 120 -104  -34]
    [ -78   56  -28]]]]



 [[[[-126   49  -88]
    [ -31  -26   76]
    [  -8   73   85]]

   [[  -3 -126  112]
    [ -28   96  -66]
    [ -51   15   14]]

   [[  94    0  -65]
    [  42   22  118]
    [ -47  -31   34]]]


  [[[ -99   35   68]
    [ -25  -65  -79]
    [  54   36  -86]]

   [[ 112   96   70]
    [  48 -110   74]
    [ -78  -67 -128]]

   [[  65  -24   21]
    [  63   96   91]
    [ -13    5 -121]]]


  [[[ -13   95  -72]
    [  24   40   79]
    [ -91  122  108]]

   [[  11  118   62]
    [  33   65    8]
    [  11  -75  -93]]

   [[ -95   39 -125]
    [ -79  -24   28]
    [ -87  -44   86]]]


  ...


  [[[   3   76   -9]
    [  19  -46   64]
    [  35 -122   -6]]

   [[-105  107  -19]
    [ -96  -21  104]
    [ -16   22  -33]]

   [[ 118  -68   50]
    [-119 -105  -98]
    [ -81  -75 -122]]]


  [[[-107   28   82]
    [-124   26  -30]
    [  44  -38  -69]]

   [[  73 -122  -34]
    [  86   96  -52]
    [ -47   93   62]]

   [[-106   39  -73]
    [  45  122  -45]
    [   9    7  -27]]]


  [[[ 106   33  -94]
    [ -73  -12  -76]
    [  20 -119  -22]]

   [[  -8   11   44]
    [ 104  -18  102]
    [  13 -126   -7]]

   [[  86 -104  102]
    [ -27  -77   38]
    [ -87  109   40]]]]



 [[[[   3   28  -45]
    [  70  -89 -117]
    [ -47  124  116]]

   [[ -19   54   99]
    [  31   14 -127]
    [ 102   59   44]]

   [[ -31  -21  104]
    [ -30 -103  -91]
    [ 126   94  -65]]]


  [[[  25  100  -70]
    [-117  -60   44]
    [ -94 -124 -104]]

   [[ -90 -123   53]
    [ -36  -95  -68]
    [ 117 -125  -41]]

   [[ -59   -9  -51]
    [  11  -19   88]
    [ -86  115  -90]]]


  [[[ -53  120  -96]
    [-121  -11 -120]
    [  87   29  -44]]

   [[ 103  118   12]
    [ 105  -61 -122]
    [ -65  -45  -29]]

   [[ -42  -14  -94]
    [  72  -44  123]
    [   4   19  127]]]


  ...


  [[[ -54   -2  -71]
    [ -60    3  -60]
    [-128  -60  -40]]

   [[  45   77   55]
    [  -5   97   -2]
    [  34  124   18]]

   [[  21  124   61]
    [ -21  -40  -23]
    [ -24  -11  -95]]]


  [[[  -5   93  109]
    [  39   98  -99]
    [  73 -105 -114]]

   [[ 109  -93 -106]
    [ -89   96   47]
    [  28  108 -115]]

   [[  65 -101    4]
    [  26   62    7]
    [  13    1  -89]]]


  [[[  -5   16   82]
    [  69  -55  -76]
    [  10   55  113]]

   [[ -51   50  -84]
    [  89   12   54]
    [  87 -114   -8]]

   [[-113  -54   77]
    [ 122 -120   83]
    [ -34 -107 -114]]]]



 ...



 [[[[ -88  -68 -127]
    [ -92   76  -25]
    [ -98   33   43]]

   [[ 122 -107   88]
    [  78   37   18]
    [ 110   62  -94]]

   [[  94   90   25]
    [ -68   -1  -23]
    [ -51 -114   92]]]


  [[[  47  112    2]
    [ -32  104   64]
    [ 110  -53  -96]]

   [[  19  -51 -104]
    [  17    7 -102]
    [  52   36   11]]

   [[ -15  117 -109]
    [ -51 -127   -5]
    [   6  -39   60]]]


  [[[-105  124  110]
    [ -46  -37  -47]
    [-110   -8   27]]

   [[  83   41 -111]
    [  86  109   35]
    [  98   45 -105]]

   [[ 111   27  -87]
    [  97   97   31]
    [  -7   62  -45]]]


  ...


  [[[  83   98   45]
    [  40    1  -72]
    [  66    2  -62]]

   [[ -11   29  -50]
    [ -69  -75   34]
    [ -43  116   20]]

   [[-116  -75  116]
    [ 101  100   69]
    [ 126   86  -67]]]


  [[[-120   98  -80]
    [ 108  -86  -61]
    [  17   73   35]]

   [[-124  115  -44]
    [ -70  101  -63]
    [  85  -60   91]]

   [[ -59  -96   -6]
    [  29   63  101]
    [ 125  112    7]]]


  [[[  99  117 -112]
    [ -77  103  -68]
    [  30 -108   60]]

   [[  46  -64   97]
    [ -56    3  -95]
    [  66   70 -104]]

   [[  52   37  -63]
    [ 126  120  124]
    [ 108  -94   79]]]]



 [[[[  50   68   -5]
    [  78   95  111]
    [-125 -103  121]]

   [[  60  -67  -96]
    [  74   64  123]
    [  55   93 -116]]

   [[ 125   96  -31]
    [ 105   79   73]
    [  45   41  -19]]]


  [[[ -87   35  111]
    [ -86  -30   43]
    [  36    5   18]]

   [[  92  -58   97]
    [   0  -32   -5]
    [ 100   15   -5]]

   [[   7  -85   -9]
    [ -52   -6    5]
    [ -59   91  -49]]]


  [[[ -41 -114  -74]
    [  49  103   49]
    [ -29   30   33]]

   [[  36  -61   28]
    [ -90  -48   31]
    [-116  -32  -46]]

   [[  34 -100 -119]
    [ 108  -96    3]
    [ -39   88  -54]]]


  ...


  [[[  11  -42   94]
    [ 123 -114 -111]
    [-122  -32    0]]

   [[  49  -43  -57]
    [  75   16    9]
    [ 117   24   44]]

   [[ 120   24   61]
    [ -44   31   38]
    [   0  101  -64]]]


  [[[  43   54  -13]
    [ 115  -19  -27]
    [ 116 -116   23]]

   [[ -59   31  -71]
    [ -40  -35  104]
    [  49    8  -21]]

   [[   0   -3   63]
    [ -35   48   66]
    [ -58   71  -16]]]


  [[[-108 -109   33]
    [-103 -103   76]
    [  48   34   60]]

   [[ 112   29  -15]
    [ -98   63   57]
    [  35    6  -63]]

   [[-101   37   98]
    [-114  -15  111]
    [-105   69  -69]]]]



 [[[[  11  -17   60]
    [ -57  -28  119]
    [ -90   94   65]]

   [[ -22 -119  -48]
    [-122   82   57]
    [ -40  -17   38]]

   [[  17  -71   25]
    [ -59   42  -62]
    [  80    2   50]]]


  [[[ 117   99   95]
    [ -57   60   39]
    [  83 -100  -68]]

   [[   3  -56   46]
    [  -2   49  -87]
    [-113  -51   77]]

   [[ -38  -43   74]
    [  91  -76   78]
    [ -95   14  -57]]]


  [[[ -64 -125  105]
    [-105 -107    9]
    [ -57  -97    0]]

   [[  93  111   37]
    [-105  -36   90]
    [  28   52  -72]]

   [[ 116   44   93]
    [  85  -49  -75]
    [ -10  -37   16]]]


  ...


  [[[ 109  -95   38]
    [  96  118   77]
    [  -7  -53  -74]]

   [[  -5  103  -11]
    [ -59 -119  -33]
    [  50  -25   -2]]

   [[  51  -53  -76]
    [ -54   37 -107]
    [-114   -8  -87]]]


  [[[  93  -74 -105]
    [-124   13    0]
    [  87   -8  -24]]

   [[ 112   86   69]
    [ -18 -119 -100]
    [-107   18  125]]

   [[-121  -82  109]
    [ -41  -52  117]
    [ -48   69 -127]]]


  [[[ -15   87  -75]
    [ -76   74   63]
    [  39  -97  118]]

   [[  79  -37  -19]
    [ -35  -83   20]
    [ -88   79  -28]]

   [[  26  -91  -87]
    [ 116   84  -63]
    [  19   24  116]]]]]
--------------------------------------------------

layer: features.6.bias
shape: torch.Size([256])
Bias: 
[1.0729294  1.1015716  1.0124334  0.97388715 1.0687187  1.0646746
 1.0655556  0.9886503  1.0695293  1.0044202  1.0357474  1.0490594
 0.9891205  1.0603937  0.96192604 1.0965732  0.9319269  1.0700054
 0.97071564 1.1801968  1.1193451  1.1871483  0.97573626 0.97309095
 1.0740647  0.9715063  0.98134196 0.98599184 1.075098   1.0075082
 0.95575047 0.9397014  1.1690819  1.0101261  1.1054109  1.1288525
 1.1423936  0.98821366 1.1647959  1.0236034  1.0284199  0.9355972
 0.96356285 1.0708998  1.1780363  1.1665871  1.1087973  1.0394673
 1.1576306  1.0342088  1.0119046  1.1355321  1.0022568  1.0610585
 1.1034367  1.2582765  0.9960149  1.0079064  1.2069281  1.0018979
 0.9623017  1.0355448  1.0786849  1.0188371  1.112434   0.99446416
 1.0418351  1.039559   1.0401726  1.020036   1.0143279  0.8750675
 1.0467716  1.1870444  0.9321926  1.0750842  1.0151683  1.1793664
 1.1476915  0.92945296 1.1041982  0.9725485  1.0379263  1.0059178
 1.0296854  1.0001448  0.9647593  0.91935587 0.9983716  0.94747776
 0.95146906 0.96636283 0.9305593  1.1160253  1.225336   0.9688076
 1.0523282  1.0033884  0.9950302  1.0027922  1.0585988  0.98896295
 1.1148202  1.0904713  1.0281278  0.86740416 1.0423845  1.0183196
 0.9355186  1.0578035  1.0210315  1.1860137  1.0591545  1.0199894
 0.98650473 1.017308   1.0821078  0.98823875 1.0043994  0.9058802
 1.0133116  0.9288577  0.9314842  0.9449285  1.2318745  1.0400413
 1.0303406  1.1327701  1.0247674  1.0205803  1.0132353  0.96636426
 1.0942255  1.0721853  1.2961975  0.9554738  1.055115   1.0464864
 1.078594   1.0440335  1.1747977  1.135206   1.0294257  0.9982871
 1.0844908  1.1006136  1.1197386  1.0462195  1.0185761  0.8782049
 1.0318428  1.060487   0.9575378  0.95117867 0.9433999  1.1194899
 1.0880103  0.97681034 0.9929176  1.1228923  0.9746119  1.1412789
 1.1133233  0.9948497  0.92051524 0.92850655 1.0217044  0.9779383
 1.0986531  1.145947   1.1811844  1.1399829  1.1245775  1.021669
 1.1254418  1.0006971  1.0403292  1.0796094  1.0407149  0.9145618
 0.9776465  1.0558078  0.94021875 1.0531503  0.876492   1.197142
 1.1610595  1.1762981  0.93505764 1.0762478  1.0418137  1.0076008
 0.9955206  0.97983193 1.1290014  1.059839   1.1321801  1.0384989
 1.1096493  0.9580537  1.0410786  1.0714004  0.96543497 0.99367726
 0.97817445 1.0018314  0.972194   1.0658996  1.0575234  1.2124269
 1.1482155  1.1827618  1.1089582  1.1369814  1.0330387  1.0565888
 1.1642506  1.071492   1.0061682  1.0283444  1.0395963  1.042933
 0.90242016 1.0876427  1.0035162  1.0807556  1.2374144  0.9421101
 1.0413128  1.1288579  1.0669765  1.2072587  1.2455317  0.9975554
 1.0943234  1.1586539  0.9276318  0.9503362  1.1718619  1.0461866
 1.011783   0.953683   1.0568701  0.95757484 0.8335175  1.1095879
 1.0804608  1.0869323  0.9926858  1.2873849  1.1010543  0.9900462
 1.0117809  0.94768125 1.1024874  1.2131668 ]
--------------------------------------------------

layer: features.8.weight
shape: torch.Size([256, 256, 3, 3, 3])
weights: 
[[[[[-121  119   46]
    [ -46   20  -40]
    [ -97 -113  -14]]

   [[-113  -77   73]
    [  44 -121   19]
    [ -94   45  -18]]

   [[ -18  -92 -125]
    [  62 -117   -1]
    [ -48  -49 -118]]]


  [[[-127 -112   48]
    [  57    5   60]
    [ -59  -97  -80]]

   [[  98   38 -119]
    [ 116  -67  -28]
    [-120  -20   50]]

   [[  11 -113    4]
    [  13   84   71]
    [ 107  -88 -111]]]


  [[[ -23  -19 -113]
    [  -2 -105  115]
    [-110   86   48]]

   [[ 113  -51  104]
    [ -81   12   32]
    [ -81   -8   -3]]

   [[  -2   26   46]
    [ -43  -38  -55]
    [  56 -120  -46]]]


  ...


  [[[  -2  -68   -8]
    [  12  -63  -95]
    [ -88  -73   78]]

   [[  78  -26  -16]
    [  68   17  124]
    [  99  -99   99]]

   [[ 109  -27  122]
    [  34 -111  120]
    [  30 -125  111]]]


  [[[ 118  -32  -40]
    [ -43  -40  -23]
    [  36  -67   18]]

   [[  89   27   46]
    [-110  119  -45]
    [ -31   39 -100]]

   [[  32   15  -22]
    [ 126   -8   86]
    [ 102  -98 -123]]]


  [[[ 115  115  -27]
    [  70  124  121]
    [  12   -9 -119]]

   [[ -53  -46    3]
    [ 110  -31  -22]
    [  62 -103  -59]]

   [[  28  -24   80]
    [ -38  109   59]
    [ 100   55  -28]]]]



 [[[[  -2 -123   71]
    [  15    2  -69]
    [  41   64  -43]]

   [[  81   77   -7]
    [  55   67   15]
    [   7  106  -29]]

   [[  98   42   -2]
    [  55   86  -15]
    [ -93   68   38]]]


  [[[  49  -92   12]
    [  70  -55  -39]
    [ -70  -39  -71]]

   [[  77 -121 -116]
    [  99 -104  -28]
    [ 126 -108  108]]

   [[  48    8  -19]
    [ -72   -1   35]
    [  90   46   14]]]


  [[[ -60  115   22]
    [ -94 -115   47]
    [   2  103   19]]

   [[  60   70   31]
    [ -24   32 -127]
    [  93   54   44]]

   [[ -71   50   11]
    [  77 -116  -80]
    [ -12   19 -111]]]


  ...


  [[[  23  120 -127]
    [  18    8  -40]
    [   4  -91 -119]]

   [[  17  -42  -21]
    [  -3   42 -116]
    [  45  -77  -43]]

   [[  -8  -29   68]
    [  54  -89   59]
    [ -87  125   69]]]


  [[[ -49  -64  -46]
    [  49  -21   36]
    [ -31   44  -92]]

   [[ 124  120  -56]
    [   4    1  -76]
    [ -72   22   73]]

   [[ -94    5  -83]
    [  99  123   28]
    [  34   12  -72]]]


  [[[ 121  -16  -47]
    [  81    8   62]
    [  79  -97  -56]]

   [[  89   71  -47]
    [  87    2   80]
    [  46  -96   99]]

   [[  28   24  116]
    [  76  -71   63]
    [ -60 -105  -22]]]]



 [[[[ -53   48    7]
    [  97  116  -77]
    [  92   92   41]]

   [[  96   19  106]
    [  62  -80 -115]
    [ -77   26  117]]

   [[  22 -111 -126]
    [  58  126  -70]
    [  31  -35   47]]]


  [[[  93   -1   -9]
    [ -15 -117   85]
    [ -92   88  -85]]

   [[ -50 -100 -115]
    [   5 -124  -63]
    [   0  -79   33]]

   [[ -96  -75   92]
    [  48  121  -73]
    [ -32  -95   -6]]]


  [[[ 112  -61   42]
    [  39  109  -76]
    [  25  -35   17]]

   [[ -25   63   56]
    [  28   60   15]
    [  16  -82  -33]]

   [[  36 -113   52]
    [ -56   88  -35]
    [ -19 -124   62]]]


  ...


  [[[ -71  -86  113]
    [ -49  -67  -82]
    [ -38 -116  -27]]

   [[ -79   82  -12]
    [ -83   35  -38]
    [  65  -88  -52]]

   [[ -42   33  -85]
    [  17   81   78]
    [-127   98   -5]]]


  [[[ 108   26   -3]
    [  -7   57  -88]
    [  76   27  -80]]

   [[ 121  -35   -8]
    [ -67 -100  -70]
    [  88   52  122]]

   [[  28 -119   34]
    [  45  -51  -22]
    [  57  -13 -121]]]


  [[[-125  -47   -7]
    [ -26  -79  -51]
    [ -15   86   29]]

   [[  -9  -70   80]
    [ -71   81   48]
    [ -24   25 -123]]

   [[ -66  112  -38]
    [ -94  -52   93]
    [   8   43 -115]]]]



 ...



 [[[[ 118 -103  116]
    [  26  -70 -111]
    [  91  -31  120]]

   [[ -81  -47   97]
    [ 124   69   92]
    [ -37   27  122]]

   [[  61  -66   49]
    [   7  -51  -96]
    [  36  -92   51]]]


  [[[ 125 -126  -31]
    [ 112   19   87]
    [  -8  -81    4]]

   [[ -93   76   30]
    [-111 -128  -42]
    [  -3  -78  104]]

   [[  -6 -103    7]
    [ -50  -93  -49]
    [ -43 -125  -75]]]


  [[[-118   16   30]
    [ -22   88  -98]
    [ -77    6  -99]]

   [[  99  -65  -53]
    [-106    3  126]
    [  28  -59   35]]

   [[-111   65  -93]
    [  18  -62  104]
    [ 124  -13   -9]]]


  ...


  [[[  59   99   87]
    [ -98  -18  -85]
    [ -21   83  -25]]

   [[ 102    0   35]
    [  10  -47   92]
    [ -68   35   10]]

   [[ 109   -6  -80]
    [-112  -59   -1]
    [ 105   -9  -98]]]


  [[[ -57  -54   86]
    [-121   54  -98]
    [  24  -23  119]]

   [[  45   45  104]
    [ -21   91   -1]
    [ -44 -119   85]]

   [[  77   92    1]
    [ -97   31   76]
    [  23  124 -107]]]


  [[[ 125  -59  -12]
    [  84  -98  -29]
    [ -40 -101  -54]]

   [[  88   72    8]
    [ -51  125  -26]
    [ -44   41  -83]]

   [[  60   14  -22]
    [ -60 -115  -19]
    [ -69  102   97]]]]



 [[[[ -13   78   32]
    [-105   94  105]
    [ -71   12  -53]]

   [[ 103   93   40]
    [  93   80 -120]
    [ -14   82   -8]]

   [[ -11  -93  -43]
    [ -72   19 -127]
    [  46  -36  -11]]]


  [[[   0  106  -71]
    [  29  -24  -65]
    [-122  -41   57]]

   [[  67  -48   75]
    [ -33  -98  -93]
    [-121  -64 -112]]

   [[  16  -99  -46]
    [ 121   14 -112]
    [  -4 -127  -44]]]


  [[[   1  -58   25]
    [  56  -36   67]
    [-128  117  -19]]

   [[  75  -88   10]
    [ -27   35  -10]
    [  30   32  -14]]

   [[  51   52 -102]
    [ -51   30  -10]
    [  35   40  -77]]]


  ...


  [[[  68   86  109]
    [  11  -80   57]
    [-109  -21  -60]]

   [[-104   19  -16]
    [ 114  -77   51]
    [-113  -89  -82]]

   [[  91  -50   -5]
    [ -52 -106   -7]
    [-104   45  -93]]]


  [[[ 117 -120   36]
    [  68  -54   37]
    [ -72   56 -124]]

   [[ -28   98  108]
    [ -17 -117  -82]
    [  83  -52  -24]]

   [[ -96   48  100]
    [ 126 -105  -45]
    [ -28  -80  -29]]]


  [[[  48  -13  -75]
    [ -52  -13   19]
    [  35 -113   36]]

   [[  28  -82   37]
    [ 119  113   80]
    [ -48  -80   89]]

   [[   6  111  -60]
    [  84    3  -72]
    [-122  -59   34]]]]



 [[[[-100  -28   21]
    [ -41  -11   45]
    [ 123  -69  -92]]

   [[ -30   76  102]
    [ 116 -123  101]
    [ 100  -18  -78]]

   [[ -80  104  -16]
    [ 101 -100  -50]
    [ -76   48   49]]]


  [[[  46   65  -62]
    [  61 -126  124]
    [ 114 -120  126]]

   [[ -74   69 -122]
    [-100   41  -66]
    [  22  -17  -54]]

   [[ -34   30  -85]
    [ -87   24  -26]
    [ -10   61 -123]]]


  [[[ -52   35   31]
    [  56  -35   16]
    [-104   50   24]]

   [[ -12 -104   87]
    [ -75 -104    2]
    [-120    6  -67]]

   [[  -7  -78   -6]
    [ 121  -43  -70]
    [  26   98  122]]]


  ...


  [[[-127  -27   23]
    [ 107  -47 -111]
    [ -13   36   27]]

   [[  37   94   78]
    [   2  -99   55]
    [  15    8   63]]

   [[ -20  103  -25]
    [ 107  -20   84]
    [ -15   27  -14]]]


  [[[ -39   93   76]
    [ 110   22    4]
    [ -62  -77  -19]]

   [[ -77   98   94]
    [  62  -58  -91]
    [-102  -79 -116]]

   [[  46  -40  -29]
    [  73  -66  -95]
    [ -30  -23  -52]]]


  [[[ -91  110   46]
    [ -58  -36  -28]
    [ -15    4   83]]

   [[-126   58   14]
    [-119  -64   73]
    [-127  -31   21]]

   [[  39  -78  -61]
    [ 115   35  106]
    [-122  -80   36]]]]]
--------------------------------------------------

layer: features.8.bias
shape: torch.Size([256])
Bias: 
[0.7364412  0.85718626 0.6939863  0.9287156  0.85249096 0.99306
 0.87906134 0.8615393  1.223163   0.9353595  0.9602983  0.83321565
 1.1105827  1.1450567  1.1249384  0.82791376 1.0200374  1.111774
 0.8561618  1.0132666  0.6915812  0.8207775  0.9789255  0.7805885
 1.081239   1.2056328  1.0041606  0.8207211  0.870632   0.9795974
 0.9027881  0.93356836 1.0630285  1.0245103  1.113115   1.0050861
 1.1666998  0.8544526  0.97606224 0.89821756 1.2520889  1.2303498
 1.0469213  1.0623918  0.92087346 0.95521885 0.9614492  0.91758084
 0.83690107 1.089613   1.0114564  0.99054366 1.1392822  1.0258583
 0.8483866  0.9607535  0.86898977 0.7529014  0.91446793 0.97770405
 1.0447412  0.8670544  1.2036647  0.86346257 0.9454273  1.0999292
 1.4508929  0.9577437  1.1656178  0.9949418  0.7901049  0.9304733
 0.921733   1.0371614  0.8963706  0.93274814 0.9026193  0.872973
 1.044321   0.75023043 0.854819   1.0157583  0.9979022  0.97763914
 1.1365547  0.95158124 0.90418357 1.3631004  0.970699   1.1683848
 0.9753736  0.9914478  0.94789696 0.8554439  1.0944068  1.1222885
 0.9368478  1.2289888  0.9986867  0.9889926  1.0047039  0.9642705
 1.0186667  1.0821687  0.9154823  0.8569228  0.773091   1.1162826
 0.98647904 0.9914276  0.98492914 1.2691433  1.1825633  1.1600959
 1.0681406  0.8117757  1.0267502  1.041067   0.8416897  1.085734
 0.9010475  1.106033   0.89461106 1.0848284  0.9492187  0.93067074
 0.97941744 1.0222074  1.1311507  0.9812552  0.960508   0.85703564
 1.0642592  1.017145   0.9924954  1.042501   1.0336124  1.0404364
 0.93710256 1.1572263  0.9724213  0.92314094 0.9445708  0.98049617
 0.9847706  1.0803325  0.7074498  1.0175307  0.9943033  0.8479804
 0.95993745 0.9473326  1.0875672  1.0768769  0.93890804 0.9828834
 1.1605328  0.8990212  1.3221648  0.84184384 0.9136493  1.1167051
 0.7805817  0.8419865  1.0906656  0.8469913  0.8600705  1.3053943
 0.77475107 1.0604612  0.9129547  0.9620451  0.9673173  0.9543079
 1.0994807  1.1566476  1.0161053  0.8812768  1.3311346  1.2888465
 0.997698   1.1268945  1.0000607  1.0801489  0.82284206 0.965538
 1.0395174  0.64176357 0.9494296  0.8807939  0.93316054 0.7961413
 0.92264926 1.0105696  0.93321    1.0423696  0.7466061  0.9598435
 0.97035575 0.8938475  0.95862514 1.2014332  1.0008495  1.1599162
 1.1459585  0.78657746 0.98783296 0.89190805 0.8467554  0.79095393
 1.2631241  0.91744065 0.92598635 1.0571738  0.9535232  1.0955608
 0.978894   0.9686834  0.92452043 0.9566991  0.7793235  1.1235014
 1.0904053  0.9366351  0.84341323 1.0193142  1.0468091  1.0089599
 1.0522754  0.95079124 0.9608775  0.9088423  0.90671563 1.049085
 1.1840721  1.0790651  1.0932899  0.883692   0.91331583 1.0141332
 1.089084   1.1693293  1.0219275  1.1112865  0.99923074 1.0320079
 1.1895151  0.8556297  1.043459   1.0254655  0.8571768  1.2769237
 1.2211767  1.2288798  0.86801803 0.90831125]
--------------------------------------------------

layer: features.11.weight
shape: torch.Size([512, 256, 3, 3, 3])
weights: 
[[[[[  89    7 -121]
    [ -30  -46 -121]
    [  34  -96    1]]

   [[   7  -29 -127]
    [  29   12   72]
    [  51 -116   43]]

   [[ 117  -89  -68]
    [ -23   17  121]
    [  38   41   79]]]


  [[[  48   24   73]
    [ -86  -10  -97]
    [ -87    6  108]]

   [[  96   70  104]
    [-111   29 -105]
    [  42  -32  -54]]

   [[-110  -68   75]
    [-113   54   24]
    [ -36  102   36]]]


  [[[ -42  -48  -48]
    [ -90   72  -11]
    [-118   99   78]]

   [[   8  -14   85]
    [-112  121  102]
    [ -69 -104   17]]

   [[ -61  104    5]
    [ -95   94   25]
    [ 121  -27  -72]]]


  ...


  [[[ -64  -18  -21]
    [  81  -43  -76]
    [   0  -58   31]]

   [[  76   53   43]
    [  85  -56   77]
    [ -40   56   91]]

   [[ -87  -64  -53]
    [ -87  -63  -42]
    [ 125  -49   79]]]


  [[[  92   59  -17]
    [ -69  104   63]
    [ -55    6  -49]]

   [[   4  -32   11]
    [ -12   59   -9]
    [  56  104  -80]]

   [[-101   43  -27]
    [  96  115  -19]
    [  97  -64  -69]]]


  [[[ -25  -71  118]
    [  90  108   22]
    [ -39  -20   23]]

   [[  11   -3 -104]
    [  27  115   17]
    [  39  -28  -65]]

   [[ -68  -11  122]
    [ -74  102   33]
    [ -60   73   11]]]]



 [[[[-107   33  120]
    [ 103   70  110]
    [  91  110   40]]

   [[  85   73  -38]
    [-116  -38   68]
    [-107  103  -74]]

   [[ -11  -20  -82]
    [  71   95  -54]
    [  -7  -69  116]]]


  [[[ -47   63  125]
    [  87 -120   88]
    [ -34  -99  -62]]

   [[  -1  -53   12]
    [  18  -78  -81]
    [   8   83  -28]]

   [[ -69   30 -115]
    [  80 -123   20]
    [  80   -8   15]]]


  [[[-128  -90  -46]
    [ 127  -16   14]
    [ 101  103   36]]

   [[ -66   38   30]
    [ -93   70 -124]
    [  20  -75   60]]

   [[ 104  110   31]
    [  79  -13   90]
    [  66  -25    1]]]


  ...


  [[[  97  -11  -86]
    [-127  -38  -91]
    [  66  100  114]]

   [[-101 -104    4]
    [-125  -38   24]
    [ 103  -73   16]]

   [[ -74   28  -96]
    [  85   -3  113]
    [ -27  -97   65]]]


  [[[  19   51   61]
    [ -23  126   31]
    [  57  -62  -75]]

   [[  32  -73   -7]
    [-105  -72  -48]
    [  67    9 -123]]

   [[ 101   31  -71]
    [   2  -55   15]
    [ -11  -47   -2]]]


  [[[  -9  -19   45]
    [  42   34   68]
    [ -12 -109   63]]

   [[   9   99   -7]
    [  61   85  -87]
    [  58   45   35]]

   [[  19   25   22]
    [  -2  -85   91]
    [  89  -54  -34]]]]



 [[[[  16   98  116]
    [ 112  -64  103]
    [ 117  -43 -115]]

   [[  -3   39    3]
    [-126  106  -61]
    [ 121  -52   95]]

   [[ -38   57   99]
    [ 104   11   68]
    [ -71   26  -74]]]


  [[[ -23 -117  -91]
    [  26  -89  -33]
    [  78 -124   82]]

   [[  33 -121  -81]
    [  80   47   45]
    [  79  -20   20]]

   [[  62  -32 -124]
    [-100   70  -55]
    [   2   51   73]]]


  [[[   7  -19   84]
    [-117  125  -89]
    [ -98   77  -37]]

   [[   5 -113   60]
    [   3   -3    2]
    [  43   25  -23]]

   [[-113 -106   -9]
    [  32   31  -50]
    [ -71   86  -13]]]


  ...


  [[[ -10  -21   48]
    [ -73  -97  -71]
    [   7  -22  -75]]

   [[ -61  -31  -97]
    [  62  -12  121]
    [ -79 -123  -90]]

   [[ 120  -40   68]
    [  58  115   91]
    [  70 -104  -17]]]


  [[[ -26   94  -30]
    [ 110 -109    3]
    [  38  117   96]]

   [[  48   39   53]
    [  88  -29   55]
    [ -32   34   13]]

   [[ -83  -29  107]
    [  91   55  -68]
    [ -87   93  -75]]]


  [[[  63  -38  -61]
    [ -34  -91  -93]
    [  22  -91   87]]

   [[ -45   26   67]
    [  -4  -36 -108]
    [ -94  -73  -21]]

   [[ 100   46 -124]
    [  99  -55  102]
    [  74  -39   27]]]]



 ...



 [[[[ -61   42  -63]
    [  71   89   84]
    [  61  -70  -29]]

   [[  -6  -67  -85]
    [  76  105   -3]
    [ -46 -100   71]]

   [[  36   50    2]
    [  75   50   14]
    [  55   40  100]]]


  [[[  30   30  -98]
    [ -39   97  -21]
    [ -51  -27  -60]]

   [[ -73   83  -95]
    [ 102  -36  -21]
    [ -93   91   -3]]

   [[ -18  108   16]
    [-105 -128  112]
    [ -94   78  -41]]]


  [[[ -28   -5 -118]
    [ -39  105   -2]
    [  93  -83  -29]]

   [[ -15  -67  -67]
    [  11   89  -63]
    [  51 -123  121]]

   [[ 105  -52   95]
    [ -25  -85   16]
    [ 117   76  -38]]]


  ...


  [[[-119  114 -123]
    [ -61   89   93]
    [  90  -32   94]]

   [[-117  -95  -43]
    [ -52   23 -107]
    [-128  -93   87]]

   [[ -38    5   57]
    [  68  106   23]
    [ -97   95   99]]]


  [[[  77  103   31]
    [ 102  -44   10]
    [  88   53 -103]]

   [[  63   57  -54]
    [-120  -77  -84]
    [   1  -84 -126]]

   [[-105  -73  -31]
    [ -55   48   43]
    [   5 -116  -34]]]


  [[[  38    2   78]
    [  -5  -66  107]
    [ 118 -120   72]]

   [[ -83   -7   59]
    [  48  -90    1]
    [  -8   12   70]]

   [[ -88 -110   26]
    [ -32   74  -22]
    [-124  -44   46]]]]



 [[[[  -6   86 -110]
    [ -88   45   -7]
    [  19   11  -86]]

   [[ -42 -100  126]
    [ -49   20 -125]
    [  37   78  -88]]

   [[ -30  -92   53]
    [-126   89  -80]
    [  33  121    9]]]


  [[[ -71   72   -6]
    [-125  -15  117]
    [ 119  104  -90]]

   [[  66   -6  -71]
    [  69 -115  120]
    [  91  103   42]]

   [[ -84  116  112]
    [ -99 -100 -127]
    [  65   84 -113]]]


  [[[  32  -31  -12]
    [  -4   95  -77]
    [ -94 -101 -119]]

   [[  78  -80   56]
    [  28   48  -82]
    [-111   16  -78]]

   [[ -83  -80   47]
    [  80   58  -27]
    [  32  -89   17]]]


  ...


  [[[ -77  -47   14]
    [-120   95   31]
    [-116   97   77]]

   [[  83   59  -98]
    [   3   31  -32]
    [ -22  109 -125]]

   [[ -93 -117  -53]
    [ -82   22   14]
    [-105  -34  -91]]]


  [[[ -92  113   82]
    [ -64   36   12]
    [   6  -51  103]]

   [[ -42  -96  123]
    [ -66  -87    1]
    [ -96  -55   45]]

   [[ 109  -83    5]
    [-116 -105  -50]
    [ -62   97   11]]]


  [[[ -62  -51   84]
    [ 103   97  -91]
    [ -14  113 -107]]

   [[  82   34 -104]
    [  82   56  100]
    [-106   63   64]]

   [[ 125 -103   70]
    [ 121   16   35]
    [  78  -43  -22]]]]



 [[[[  79   32  112]
    [ 118  101  -48]
    [-107  -87   74]]

   [[   6 -126   -8]
    [  -7  -75  127]
    [ -76   13 -107]]

   [[  86   24  113]
    [-125  106  -26]
    [  57   29  110]]]


  [[[  35  116  -38]
    [  -5   98  -28]
    [  43  116 -120]]

   [[ -54 -107   99]
    [ -17   19  -94]
    [ -53 -107  -14]]

   [[   7 -114  109]
    [   8  -49   90]
    [ 113  105  -72]]]


  [[[   6   95  106]
    [-119  -16 -100]
    [   8  107  -51]]

   [[  34   46  -85]
    [-115  -77  -30]
    [  41   76  -72]]

   [[ -95 -103  -91]
    [ 112  -59  -10]
    [   4   98  -27]]]


  ...


  [[[   0  122  -67]
    [ -86  -76 -108]
    [ -50  -51  106]]

   [[  77 -124  -98]
    [-111   52 -128]
    [ -89  -54   43]]

   [[ -11   84  -15]
    [   5 -120  -29]
    [ -14 -128  -95]]]


  [[[ -33  -29   35]
    [ -54  -40   12]
    [ 118   -9   75]]

   [[ -79   75  -94]
    [   5   73   28]
    [ -68  -94   81]]

   [[ 121   -3  -29]
    [ 124 -106   56]
    [ 108  127  -68]]]


  [[[  -7   17  120]
    [  11  101   52]
    [ 107  -72   80]]

   [[ 107   96   19]
    [  41  109   90]
    [ -65 -114 -126]]

   [[  41   74  -29]
    [  95   -8   96]
    [  -5  -40   75]]]]]
--------------------------------------------------

layer: features.11.bias
shape: torch.Size([512])
Bias: 
[1.1468401  0.8685091  1.0858811  1.0939803  0.97150415 1.2371113
 1.050654   1.0855229  1.1681514  0.86728734 1.1612011  0.9759317
 0.76853925 1.0627314  1.3847684  0.8737904  0.98778355 1.1138169
 0.7689227  1.1053015  1.02423    1.075599   1.1918     0.9373948
 1.1475737  1.1014836  1.0615076  0.8899005  1.2052952  1.0612521
 0.99071616 0.86624545 0.9924562  0.79070455 1.0851746  1.0623692
 0.89632595 0.8648827  1.1626446  1.0039902  1.145303   1.0970173
 0.75622034 1.082271   1.0822197  0.99603903 1.060893   1.2110103
 1.1042752  1.0038788  1.0988642  1.0583416  1.0320266  1.0226797
 1.0783895  1.0864247  1.217314   0.90299326 0.8747872  1.1345448
 1.0642357  0.93030846 1.0206114  0.75568646 0.9293564  0.96098065
 0.94239587 0.9246641  1.0456562  0.8756738  0.93089    0.88620126
 0.954543   1.0951692  0.9511896  0.8876249  1.1266248  1.1282982
 0.8968071  0.90408033 1.0290285  1.1495636  1.0699381  1.2478172
 1.0119914  1.1231041  0.896852   1.0440639  0.8075368  1.1306117
 0.95504427 1.0567801  1.1057856  1.0317925  0.8512726  1.08925
 1.0388222  1.063538   1.1555438  1.2112712  0.8159829  0.87473446
 0.9110992  1.1135665  0.9911066  1.0923749  1.0416268  1.1379231
 0.87725323 1.1756216  0.9470975  1.2642854  1.010896   0.9832339
 0.89576316 1.2739624  0.9975232  1.1231884  0.96047443 1.0388511
 0.85949355 0.9851908  1.0361452  0.76877266 1.2310055  1.0484914
 0.95603454 1.069788   0.99618566 1.0430729  1.2471029  0.8415719
 0.9018243  0.98542684 0.9979783  1.2136456  1.0922465  0.94247293
 1.070855   0.9340213  1.0435171  0.9585228  0.9247565  1.1583518
 1.0220197  1.0807105  0.87297744 1.1715646  0.9866572  1.1251683
 0.9864533  1.1308357  0.8906422  1.1776538  1.0202284  1.1834346
 0.8011138  0.85786724 1.1980399  1.0544252  1.0015329  1.1903833
 0.7737469  1.0597879  1.1407534  0.98391604 0.8600551  0.89327836
 0.89197123 0.8517595  1.0059587  1.0666784  0.8137666  1.0735368
 0.9736617  1.1656225  1.139122   1.0660046  0.9655688  1.1345466
 1.2537649  0.88837093 1.1475568  1.180827   0.89790726 0.83791035
 1.1639304  1.1064835  1.3188457  0.9909911  1.2359093  1.2007936
 1.1149896  1.1368113  1.0650027  0.960883   0.83539265 0.94272035
 0.9251819  1.147451   1.1957068  0.89906967 1.1731261  0.99444866
 1.0477726  0.9046474  1.0237914  0.85928607 0.8599261  0.9581002
 1.0802698  0.98239833 0.8089358  1.2593188  0.99385315 1.011483
 1.032919   0.9747118  1.361183   1.057633   0.93978655 1.3501892
 0.8512474  0.93787473 1.0812727  0.9773483  0.9748385  0.978282
 0.9846151  1.1527562  1.248863   0.888175   0.95972526 1.0071118
 1.0622338  1.1538649  0.8883517  0.8620665  1.2272241  0.9904912
 1.003393   1.2111573  1.0365311  1.0577587  1.0997969  1.1848046
 1.0533262  1.1204166  0.9438456  1.0309529  1.0327111  1.1992321
 0.978483   1.2097375  1.1450801  0.9673057  1.0093645  0.8432418
 1.0981623  0.94809914 1.3340669  1.1583196  1.1635853  1.0829611
 1.2009909  1.123669   0.78253156 0.79557425 0.9994861  1.146145
 1.1464763  1.1561675  1.1070734  0.9565817  1.1109684  1.1117626
 1.0528075  1.0375348  1.2096995  1.210937   1.1296678  1.0933521
 1.0361631  0.9973682  1.0956912  1.0175383  0.9676683  1.1445669
 1.2701343  1.053683   0.93539965 0.8807059  0.9356767  1.2103211
 0.9582406  1.2518361  1.0911396  1.1277747  0.95712095 0.8348397
 1.2099642  1.021033   1.0688318  0.9485872  1.0616696  1.1189288
 1.0333496  1.0241905  1.0139257  1.1798987  1.0403794  0.80911905
 1.0851446  1.1579878  0.84462416 1.0684608  1.097135   1.2839849
 0.98763204 1.0793883  1.0365798  1.1677285  0.97284454 1.1238213
 0.99533355 0.9928909  0.943814   1.2758735  1.1115437  1.3814929
 0.74455374 1.053954   0.9599599  1.1548549  1.2577748  0.8551711
 1.0948323  1.2328933  1.185679   1.0515612  0.98036283 0.9214252
 1.2116804  0.80077505 1.1614877  0.93533266 0.8475479  0.98810375
 1.056331   1.1305591  0.9870574  1.1135675  0.95677125 1.0170894
 1.0762566  1.2536252  1.1317806  1.0279635  1.1300997  0.9659944
 1.0919232  0.9765946  0.97520256 1.0031081  0.9418114  1.0631064
 1.0974121  0.9639704  1.0093926  0.83977604 0.9783502  1.0914787
 1.0601082  1.0403068  0.8956413  0.8317604  0.8105551  1.0836318
 1.1069864  1.1046113  1.0628566  1.1418283  1.1874695  1.1622684
 1.0423733  1.0633644  0.7403999  0.87973964 1.1938384  0.9724907
 0.9066966  0.8811731  1.3018262  0.8930821  1.0929576  1.2384831
 1.1539825  1.089843   0.8055196  0.89487565 1.2672209  1.0856842
 1.0948817  0.83299875 1.1119378  1.0424582  1.1391057  0.9164947
 1.2153176  1.0782337  1.0575448  0.944573   1.039874   1.0209932
 0.77613616 1.1323094  1.0026568  1.0883046  0.8398904  0.959703
 1.1586751  1.091058   0.8092085  0.9738895  0.9250582  1.1494135
 1.2349426  1.0392848  1.0779651  1.2153385  0.94187963 1.2801136
 1.1640389  1.1227924  1.0846503  1.0412828  1.2050482  1.081497
 0.958571   0.9564794  0.9249184  0.8024489  1.1600959  0.8821629
 0.94748956 1.0811006  0.9200622  1.2527902  0.95971763 0.97290903
 0.85761815 0.97911155 1.1701254  1.1430478  1.1394972  1.1077099
 0.98892933 1.2357179  1.3359112  0.9873697  0.89565957 1.0331614
 1.0421355  1.06807    1.1238681  1.0509208  1.0633249  1.0026565
 1.128747   1.010473   1.0821412  1.0854074  0.8693962  0.829219
 1.0320122  1.1759435  0.97473043 0.9831696  1.0163825  1.2228736
 0.98667777 1.0491824  0.9547472  1.093215   0.8337253  1.007347
 0.8801048  1.1200829  0.9084505  0.9288607  1.2728435  1.0139228
 0.8789446  0.95112085 0.82224613 0.9639935  1.0375125  1.13324
 0.86864305 1.1384141  1.1146499  1.0731426  0.8325642  1.1996183
 1.1612103  1.0633769  1.0901054  0.9955295  1.0561417  0.8892449
 0.93785805 0.95351017]
--------------------------------------------------

layer: features.13.weight
shape: torch.Size([512, 512, 3, 3, 3])
weights: 
[[[[[  98  -98  -45]
    [  -2  110 -112]
    [  81  -49   64]]

   [[ 111  105  123]
    [  53  -60 -114]
    [  87  127 -121]]

   [[ -21  -76 -107]
    [ -80   63  -93]
    [-119 -128   -9]]]


  [[[ -78   97   -3]
    [  -8  -33  124]
    [  18  -64 -107]]

   [[ -27    9   71]
    [ -83   90  119]
    [ -25  -41  103]]

   [[ -14  -43  -78]
    [  24  -92   27]
    [ -29  -13  -71]]]


  [[[  56   39   85]
    [ -14   -1  -45]
    [ -93   -9   88]]

   [[ -77   74 -108]
    [  41  -24  -89]
    [  82  -19   35]]

   [[ -84  -36   30]
    [ 104   44  -37]
    [ -78  -50  -58]]]


  ...


  [[[  -2   60  120]
    [ -11  113   98]
    [ -55   86   -9]]

   [[ 104   59   88]
    [-101  -68   35]
    [ 116  -89   77]]

   [[ -35  108  -70]
    [ -16   34 -123]
    [  24  -30   23]]]


  [[[ 125   48  -66]
    [ -11   83  -40]
    [-110  -82   61]]

   [[ -57   13  -44]
    [ -31   64  -35]
    [  86   27 -121]]

   [[  82  -96  -73]
    [  45    8  -92]
    [-114  123  -78]]]


  [[[  88  -11   34]
    [ 118   31   54]
    [  -5  -32   48]]

   [[  59   73   21]
    [ 117 -102  113]
    [ 126   -8   35]]

   [[ -34   19 -100]
    [  95   93   -2]
    [ 121 -106 -110]]]]



 [[[[  39   65   26]
    [ -96  -83    1]
    [  32  -39   53]]

   [[-100   58   32]
    [  94   45 -122]
    [ 107  -42    9]]

   [[  59  -80   -2]
    [  22  -11  -81]
    [  60   87  105]]]


  [[[ -86 -108   14]
    [ -76  -45  -20]
    [  27  118  -38]]

   [[ -10   -7  -49]
    [ 108   59   55]
    [  58   38  122]]

   [[-112   38    0]
    [ 116   71  -38]
    [-120   19  103]]]


  [[[  96  -21    3]
    [ -80  -28 -127]
    [ -62    3   57]]

   [[ -13  -30 -128]
    [-110 -120   17]
    [-101  -63  -87]]

   [[ -31  -71  118]
    [  77  -49   66]
    [-124   58  -40]]]


  ...


  [[[  -1 -108 -107]
    [ 110   93   12]
    [  64   24  -75]]

   [[ 123    1   68]
    [  -5   -8   96]
    [ -26  103 -110]]

   [[ 113  -12 -114]
    [ -28  -75   23]
    [ -18   41  -28]]]


  [[[  16   11   96]
    [   7  -26  124]
    [  97   28 -121]]

   [[  72   53   15]
    [   4  -11 -121]
    [-114  -23  -80]]

   [[  34 -113   74]
    [  -3  -20   88]
    [ 120  -51  115]]]


  [[[ -71  105   55]
    [ 110  -77  -66]
    [  96  -68   19]]

   [[  46  -78   -8]
    [-119   99  -23]
    [ -64  -59   31]]

   [[ -86   53 -116]
    [ 104   91    2]
    [ -23   36  -95]]]]



 [[[[ -65   94  104]
    [  -5 -103  -32]
    [ 123  -50  -91]]

   [[ -89   62  108]
    [ 105   21  -24]
    [ 104   89  -40]]

   [[ -34  -37  -47]
    [ -16   22  119]
    [ 123  120   14]]]


  [[[ -93  -74   58]
    [ -87   47 -121]
    [-113   10  102]]

   [[ -22   64   75]
    [ -70   69  -21]
    [ -24  -46  -59]]

   [[ -92   98  -56]
    [-123   96  -63]
    [ -68  -58   39]]]


  [[[ -28  -73   27]
    [-123 -113  -38]
    [  11   -3   25]]

   [[ -51   54  -71]
    [  90  -54   11]
    [ -50   41  -68]]

   [[ 115   57   79]
    [ -67   45  -69]
    [  85   24  -16]]]


  ...


  [[[ -49   16  117]
    [   8   16   91]
    [  43   69   78]]

   [[  47   -1   14]
    [ -95   73  -85]
    [  56   98 -121]]

   [[  78  -70  116]
    [ -98  -66  -30]
    [-103  -66  -13]]]


  [[[  26   43   35]
    [ -58  100 -111]
    [  28  115   30]]

   [[  21   36   41]
    [ 110    6   23]
    [  85   13  -67]]

   [[ -85 -121  -38]
    [  68    0   88]
    [  73   83   69]]]


  [[[ 119   76   21]
    [  45  -87   -8]
    [ -72   32 -109]]

   [[  84 -117   94]
    [  89  -56   -7]
    [   4  116   54]]

   [[  79   27 -113]
    [ 101  -30  -92]
    [   1   30  108]]]]



 ...



 [[[[  35   31  -35]
    [ -43  -75   39]
    [  -2  -77   96]]

   [[ -31  119    4]
    [  21    6 -122]
    [ -54   70  -10]]

   [[  -2  -31   96]
    [-126   36  -86]
    [ -60  -16 -100]]]


  [[[ -55    9  124]
    [   2   67  -67]
    [-125  -71   77]]

   [[  74   52 -112]
    [ -72  113  -76]
    [  -8 -116  121]]

   [[  91  -47  121]
    [  61    3  -51]
    [  11  111  -33]]]


  [[[ -57   33  -61]
    [  96   24   64]
    [  71  111  -32]]

   [[  68  -50   38]
    [  97 -126 -118]
    [ 117  109  108]]

   [[ -50  -23   45]
    [ 127    2   50]
    [-126  -15  124]]]


  ...


  [[[  -1  -38  106]
    [ -95  -22   34]
    [ -49   67 -110]]

   [[ -86   69   66]
    [ -50 -105  -24]
    [  33 -103  -14]]

   [[ -10   78  115]
    [ -53   60   64]
    [ 102  121  -75]]]


  [[[  80   66  -93]
    [ 103   68  -24]
    [  77   96 -100]]

   [[  68  -94  -59]
    [  55  107  -42]
    [-118   27  -12]]

   [[ -38   21 -118]
    [ -12  -52  122]
    [ 103 -117   52]]]


  [[[ -46   84  -82]
    [  10   36   98]
    [ 118  -94 -107]]

   [[  69  -52  -81]
    [   5  127   -4]
    [ 104  -36  -37]]

   [[   2   52   91]
    [-111  -83  -31]
    [ -16  124  120]]]]



 [[[[ -47  -29   17]
    [ -75  115   49]
    [ -68   -6  -66]]

   [[ -83 -122   19]
    [  68  123   32]
    [  -9   59  -36]]

   [[  42   -5  -71]
    [  49   36   66]
    [ -79  -61   22]]]


  [[[ -78  107   -9]
    [ -63 -108  -16]
    [ -30  -21   53]]

   [[  72   23  100]
    [-124  -93  109]
    [   0    0   -4]]

   [[  32   88  -21]
    [ -29  -58  -14]
    [ 109   -7   41]]]


  [[[  76 -126   -3]
    [ -31  105  100]
    [ -44  -67  -53]]

   [[  88 -118 -112]
    [  17  -81 -110]
    [ 112   42  -54]]

   [[ -43   62   95]
    [ -35  -32   55]
    [   3 -113   99]]]


  ...


  [[[ -86  123   65]
    [-110   27  116]
    [  28  -27 -102]]

   [[  57  -52  -60]
    [  23  -74  -71]
    [-102  110  -16]]

   [[ -64  119  118]
    [ -51  -13  -17]
    [  70  117  -98]]]


  [[[-113   22  -53]
    [ -68   53  -68]
    [ -13  125   72]]

   [[ -55  -86   -3]
    [ -45  -67  -90]
    [ 116   23  -57]]

   [[ -61  -63   41]
    [-111 -106  -60]
    [   9   45  -53]]]


  [[[ 109    7  -40]
    [ 113 -126   38]
    [ -62   84  -15]]

   [[-107    5  -99]
    [  34   -6  -32]
    [-126   42 -120]]

   [[ 110  -63 -113]
    [ -77   21  -67]
    [ -69 -105   90]]]]



 [[[[-114   37  117]
    [  23  -86    2]
    [  69    0   17]]

   [[  80   53 -102]
    [-103  -31 -104]
    [ 119   32  -61]]

   [[  55  -13  -99]
    [  27   52  -98]
    [  33 -106  -32]]]


  [[[ -40   50   50]
    [-118    5   22]
    [  38  -34  -35]]

   [[  38 -118 -113]
    [ -76  -24   33]
    [-112  -30  -81]]

   [[  69  -11  101]
    [  34  -95 -125]
    [   0  -15  -36]]]


  [[[  86  -79   57]
    [  46  -82  100]
    [ 104  112  117]]

   [[-117  -23  -66]
    [-112   31  116]
    [-119 -116   -4]]

   [[ 111  105   22]
    [  87  -94   38]
    [ -60  100   68]]]


  ...


  [[[ -91  -95  -18]
    [ -98  -77 -123]
    [-102   17  -43]]

   [[  56   -8   75]
    [  10  109   55]
    [-106 -103  -46]]

   [[  -9 -123 -103]
    [-114  109 -113]
    [  77  -72   27]]]


  [[[ -22  -10  -70]
    [  48  -16   61]
    [-105   -2  -75]]

   [[ -40   22   72]
    [  16  -40  -69]
    [ -86  -92  -36]]

   [[ -36 -100   -1]
    [  48   56  -49]
    [ -99  100   73]]]


  [[[  34 -124   98]
    [ -37   75  -17]
    [  -6  -39   70]]

   [[ -99   69  100]
    [  58   46  -61]
    [  31   16  -71]]

   [[  91    4   79]
    [  23  -79   63]
    [  93   46   51]]]]]
--------------------------------------------------

layer: features.13.bias
shape: torch.Size([512])
Bias: 
[0.9604044  1.1537589  1.0110922  1.0425725  0.741997   0.9217326
 1.2387378  1.1618654  1.0810202  1.0361402  0.95882314 0.83330846
 1.092668   1.0213016  0.9678262  0.99918026 1.3704293  0.99712396
 1.1655098  1.0179008  0.9043289  0.9985108  1.192977   0.90555066
 0.85156417 1.1948302  1.0868589  1.1951158  1.1483582  0.9320213
 1.0030384  1.0058705  0.9146604  1.1123724  1.2509472  1.197265
 0.9374063  1.0548117  0.935159   1.154456   0.90897495 1.2179376
 0.9866334  0.8985083  1.0376079  1.0564137  1.0410842  1.0505798
 0.9015601  1.0520624  1.0045696  1.097297   1.0507061  0.87922436
 1.2452625  0.8870878  1.0871933  1.1510712  0.93904257 0.9814176
 0.9732289  0.9579113  0.895512   1.1518385  1.0052315  0.95306
 0.95771426 0.7051741  1.10214    0.95193434 0.9553079  1.0592833
 1.0021112  0.95729095 0.93318933 0.997668   1.0129228  1.1484991
 1.0236274  1.1426201  0.9750093  1.0221643  1.1503457  1.133489
 1.124239   0.96568704 0.97293144 0.9492902  0.9283697  0.9508061
 1.126361   0.9219181  0.92618674 1.1728163  0.9266964  0.9566427
 1.0712174  1.2482406  1.0315428  1.0693381  1.3973504  0.97388077
 1.124455   0.9050213  0.9906915  1.1144433  0.7957355  1.0527663
 1.0060092  1.0025228  1.1589372  0.93081254 0.86040473 0.9846586
 1.126715   0.8938814  0.9979125  0.6883163  0.87270164 1.0841699
 0.9079669  1.2756011  1.139609   1.0213355  1.0631578  0.98339343
 0.871629   0.9304515  0.8500374  0.9866328  0.9292523  0.74345315
 1.0813681  0.8714503  1.1164317  1.2434685  1.0466126  0.94237244
 1.0520517  0.8245991  1.1292667  1.0107988  1.113798   1.1645206
 1.042759   0.95167863 0.89132756 0.7080445  1.0385007  1.016732
 1.0110248  1.075552   1.0799224  1.1077617  0.95817286 1.0057572
 1.1642619  1.001769   0.8888078  0.9525926  1.0435328  0.9772152
 0.9517711  0.97927207 1.0196913  1.0231861  0.97284704 0.8674097
 0.98943686 0.978992   1.1555526  1.0264881  0.93247634 0.8798038
 1.1830837  1.0685899  1.1338863  0.9286523  0.88810277 1.238931
 1.0216436  1.0202758  1.0386714  0.96543586 0.93487906 1.0911206
 1.0924851  0.9912411  0.9083794  0.83403814 1.0566236  1.1294614
 1.0309032  1.0117155  1.2236751  1.1227176  1.1080772  1.0130988
 0.8465427  1.1075106  0.9538236  0.8845539  1.0885687  0.88124937
 1.2351687  0.9216246  1.0360022  0.9233252  1.0834973  1.0016876
 1.176688   0.9167997  1.0216933  1.0904508  1.0746658  1.1931257
 0.8742163  1.135049   1.1708757  1.0532683  1.1508442  1.0829996
 0.9239222  1.1402198  1.2356035  1.0197546  1.1006738  1.0383775
 0.98830396 1.0388446  1.1834689  1.1486927  1.0651575  0.95907134
 0.8853273  1.1317208  0.985649   0.80371857 1.1484567  0.8529975
 1.1294752  1.0659997  0.85231864 1.0168978  0.99510884 0.9562676
 0.8952157  0.9251477  0.792402   1.0897521  0.80510306 1.0973758
 1.205185   1.0239885  1.2371498  1.000882   1.0147743  0.9736963
 1.0622293  0.89328027 0.9306871  1.657123   1.3766689  1.230217
 1.0120916  1.0143507  1.2612262  1.0910366  1.056627   0.95296687
 0.9839163  1.122602   1.0914688  0.98595375 1.0294626  1.0028328
 0.99174374 0.9060241  1.2490877  1.1289461  1.4085909  1.0103647
 0.8883948  1.0333022  1.2568194  0.9097378  0.94894314 1.1188475
 1.3384933  0.95145035 1.2031167  1.0923603  1.1105982  0.94912887
 0.90959454 0.97370964 1.0085658  1.0709     1.0197529  0.9898366
 0.9235177  1.0006592  1.0972404  0.86906415 1.0761911  1.3141377
 1.1429415  1.020619   0.98021066 1.071732   0.8117436  0.9301059
 1.0168189  1.0633601  0.9881004  0.8332599  0.9377352  0.8990356
 0.99347156 1.1033533  1.2032696  0.9722877  0.92354923 1.0530025
 0.993692   1.0111053  0.9308295  1.055538   0.92483455 1.0135556
 0.8405535  0.82559985 0.9910504  0.8387239  1.2021439  1.2318486
 0.95574427 0.84771395 1.0935224  1.1319116  1.0539336  0.98918086
 0.951899   1.0376478  1.0014197  0.9189882  0.9092514  0.45801464
 1.0251734  0.8935357  1.3001629  1.1126685  1.5158296  1.0955386
 1.132713   1.0001173  1.0684633  1.0713582  0.96590525 1.1261902
 1.3788917  0.9534077  0.94087124 0.99137163 1.0363802  1.0494137
 1.0041559  0.9720439  1.2731946  1.1804723  0.9461919  1.0599315
 1.0009096  1.1230985  1.0423278  1.1722256  0.945022   1.0637784
 1.039176   0.94803053 1.1925911  1.3622203  1.2182975  1.004305
 1.1062992  1.1501042  1.1147709  0.9890012  0.9750331  1.0920061
 1.1688178  1.0887809  0.92671436 0.86810505 1.1169366  1.0623934
 1.2124442  1.2220834  0.9766277  0.99264205 1.0097109  1.1544601
 1.1522067  0.9220042  1.1207434  0.98967826 1.4420846  1.1181537
 1.039001   0.9118056  0.9751981  0.98311675 1.1823536  1.029723
 1.256683   0.91338897 1.0282128  0.9013377  1.1485058  0.9644677
 0.8618757  0.8964189  0.9257055  1.070226   1.024653   0.94581753
 1.2910389  1.0092685  0.9406325  1.1484979  1.0627807  0.9473033
 1.0208313  1.0095196  0.9999568  0.93569195 0.9090742  1.0480863
 0.8866012  0.9462231  0.91995287 0.95944333 1.0574455  0.9925729
 1.0427095  0.98542184 1.0862414  1.0682354  1.2393042  1.0404527
 0.9984188  1.0045023  1.0695097  0.96673024 1.0840058  0.97647494
 0.9320073  0.83543473 0.9849916  0.99905586 1.084033   0.91881716
 0.99668086 1.1607722  0.84664375 1.024004   1.0692431  0.8153697
 1.0246478  0.92920774 0.93548656 0.96212626 1.0746891  1.0115895
 1.0628792  1.1533595  0.9987667  1.0888741  0.9402573  1.0174903
 1.016842   0.95074534 0.9613786  1.0238295  1.0961976  1.2114654
 1.1056341  1.0821841  0.96748704 1.0920054  1.1464558  0.84981096
 0.9677285  1.0786865  0.554266   1.1077043  1.0338339  0.99238086
 1.1704994  1.1795439  1.0278271  0.9890616  0.9003717  1.1521012
 0.9810756  0.9689309  0.91986656 1.0642753  0.9749225  1.174199
 1.0817354  1.0845939 ]
--------------------------------------------------

layer: features.16.weight
shape: torch.Size([512, 512, 3, 3, 3])
weights: 
[[[[[  65  -96   35]
    [ -43  -62  -10]
    [-107   39  -58]]

   [[  60   -6   79]
    [ -13   53  -29]
    [ -74   90   -2]]

   [[  -4  120   34]
    [  -5  -30   -2]
    [  75  -47  -63]]]


  [[[ -67 -124  103]
    [-118  -88   18]
    [-107  -64  -58]]

   [[  -3   71  -98]
    [ -12  -91   23]
    [  76  -16  -15]]

   [[ 123  -89 -100]
    [ -89  -47   49]
    [   2 -126   10]]]


  [[[ -10  -48   69]
    [ 116  -68   -6]
    [ -37   62  -13]]

   [[ -84  -98 -105]
    [ -37 -112   44]
    [ 125   46  -32]]

   [[   4  -23   35]
    [ 104  -20 -107]
    [-126   32   -3]]]


  ...


  [[[  39   25   31]
    [ -25   52    5]
    [  55    8   40]]

   [[-105  -13  -67]
    [ -21   44  -23]
    [  60  -92  -94]]

   [[ -91   99  -49]
    [ -96  -42   59]
    [ 113  -70  -52]]]


  [[[ -59   92 -119]
    [ -52  -21 -108]
    [-106   30  -58]]

   [[  78   59  109]
    [ 104  -34   61]
    [ -75 -127  -82]]

   [[  31  -28 -106]
    [ -10   29  121]
    [  39   15  -54]]]


  [[[ -98  -89  -78]
    [ -94  -51  -74]
    [ -87  -61  113]]

   [[  16 -109  -65]
    [  54  -26  -89]
    [  55 -104  126]]

   [[-115  -49   16]
    [ -40   96  -26]
    [-115  -46  -90]]]]



 [[[[   1  -23  -50]
    [ -65   29   76]
    [-127   79  106]]

   [[  44   12  109]
    [ -55   77   52]
    [  85  -54    1]]

   [[  49   39   59]
    [ -60   12  -17]
    [  -2   50  -56]]]


  [[[ 100  -80    8]
    [  95  122   29]
    [-118  -44   85]]

   [[   3   78  -74]
    [   3  -22   94]
    [  95 -102  -82]]

   [[  12   40   57]
    [ -11 -118  -16]
    [ 101    7   67]]]


  [[[ -96   83 -109]
    [  17  127  -52]
    [  41  -36   73]]

   [[-119  120   96]
    [   3   75 -114]
    [-123  -42    0]]

   [[ -80  -31   87]
    [  61  108  -89]
    [  47  -78   22]]]


  ...


  [[[ -19  -79   36]
    [-114  -84   63]
    [  40 -108    1]]

   [[  93  -91  -40]
    [-116   79   78]
    [ -44   99  -34]]

   [[ 109 -121  -36]
    [  80  124  123]
    [-127  -90   91]]]


  [[[ 106  -62   33]
    [ -31  113   44]
    [-106   -5  -75]]

   [[ 125   42  119]
    [ -54 -118   -3]
    [ -55  -41 -100]]

   [[ -61 -106  105]
    [  96  -68   22]
    [ 118  -79  -51]]]


  [[[ -40  -88    4]
    [ -13   65  123]
    [  18   36  -66]]

   [[ 108 -108 -100]
    [-112  -10   88]
    [  40   86   -7]]

   [[  38  -65   22]
    [ -34  121 -106]
    [ -17   92  126]]]]



 [[[[ 121  124  -77]
    [-107  -54  -22]
    [  73  106  -38]]

   [[  -6  -58   95]
    [ 114   13   48]
    [ -54   79   81]]

   [[  13  -83  117]
    [ -69  121   20]
    [  46  -38  -30]]]


  [[[ -32  102  -28]
    [  60 -125  -86]
    [  50 -121  -37]]

   [[ -93    4   35]
    [ -50  -17   -4]
    [  85   94   53]]

   [[-115   85   44]
    [ -24 -127   17]
    [ -95   13   26]]]


  [[[ -22  -80   29]
    [ -33  114  -10]
    [ -59  -85   59]]

   [[-121 -121  -87]
    [  81   37   90]
    [  57   11   -7]]

   [[  80   38  -46]
    [ -98   72  125]
    [  85  -43   20]]]


  ...


  [[[ 122  -27   39]
    [ -85   48  -58]
    [-117   75  120]]

   [[ -11  -94   69]
    [ -39  -95   50]
    [  97   82  -41]]

   [[ -57  -94   22]
    [-109  -29    6]
    [  37  102 -114]]]


  [[[ -14    6  -45]
    [  43   81    5]
    [ 121  -67   -9]]

   [[  -3  -50  -98]
    [ -67   72  -12]
    [  18  -28  -23]]

   [[  81   85  -36]
    [  16  -76  118]
    [ -70  -38   14]]]


  [[[ -99  125  -47]
    [ 114  -40 -100]
    [ -54   21  126]]

   [[  95    7  -89]
    [-128   22  -40]
    [ -46 -128   18]]

   [[ 109   39  -29]
    [ -30  -57  -68]
    [  39   59   19]]]]



 ...



 [[[[  96  104  114]
    [ -42  103   96]
    [ 105  -46  -52]]

   [[  60  112  -34]
    [ -77 -107  -49]
    [-126   80  -17]]

   [[ 120   49  -39]
    [ 105  -95   38]
    [  63    6    3]]]


  [[[  21  -99 -117]
    [ -68   11   71]
    [ 112  107   69]]

   [[  50  -82 -106]
    [ 100  109  -53]
    [  70  -46   70]]

   [[  58  -21  117]
    [ -72    8  -96]
    [ -16   39   34]]]


  [[[  13  -15  120]
    [ -97   15   99]
    [  -6   45   61]]

   [[  -2   64  -73]
    [  18   18   20]
    [ -70  -47    4]]

   [[ -56  -92 -106]
    [  87   38  -20]
    [ -51  -71    4]]]


  ...


  [[[-104 -114  -60]
    [   1  -64  108]
    [  18   -1   63]]

   [[ -63  -21    3]
    [  97   47  -32]
    [ -77  -78   54]]

   [[  40  -23 -104]
    [-111   18   26]
    [ -85  -18  -70]]]


  [[[ -38   29   47]
    [ 127  -36  -35]
    [  95  -59  -65]]

   [[ -26 -105 -119]
    [  85  -85  -93]
    [ -84  -54  -35]]

   [[-111   61   32]
    [  -2 -117  -72]
    [ -55  126 -119]]]


  [[[ -72  -79 -109]
    [  23  122   55]
    [  22   87   61]]

   [[  35  -62  -39]
    [  85  -95   92]
    [  95   17  -18]]

   [[  29   96   82]
    [ -74 -119    4]
    [ -85  -62   41]]]]



 [[[[ -60   14  -19]
    [ -99  127  -15]
    [  75   85   84]]

   [[  69   52   -1]
    [ -54  120   93]
    [  93   73  -28]]

   [[  17  -29  123]
    [-123  -15  -44]
    [ -37   64  -36]]]


  [[[  -9   78    5]
    [  66 -100  -54]
    [ -98   60 -102]]

   [[   5  -88  -65]
    [  -1  -80    2]
    [-126   85   95]]

   [[ -66 -121   91]
    [ -54   -6  -57]
    [ 123 -107   10]]]


  [[[ -44  121 -122]
    [ -49   -5 -100]
    [ -10  117   49]]

   [[   2  -93  -70]
    [ -52   -5  -18]
    [  -7  -75  117]]

   [[  39   71  -78]
    [ -11   26   68]
    [  57   23   16]]]


  ...


  [[[  32   -2  100]
    [  48  -87   92]
    [  31  -33  -11]]

   [[-125  -48   70]
    [-125  -85  -29]
    [ -33   89   40]]

   [[ -35   -1  -32]
    [ 111 -123  120]
    [ -44   64  -44]]]


  [[[  21 -111   40]
    [  23  102   41]
    [  70   62  -70]]

   [[ -38   -4   32]
    [  -8  -29  107]
    [ 115   93  -28]]

   [[  -2  -57 -118]
    [-119  110   31]
    [ -80   74  -38]]]


  [[[  40  -40 -121]
    [ -25   62  -15]
    [ 126  -30   76]]

   [[  92  115 -128]
    [ -94  -13  -85]
    [ 125   24   10]]

   [[  60   46  -58]
    [-116  -35 -114]
    [ 102   63  -68]]]]



 [[[[ 108  -13   35]
    [   5  -47  107]
    [ -48   38    1]]

   [[ -30  -92 -119]
    [ -79 -112   51]
    [ -89  -21   83]]

   [[  54   55   63]
    [ -36   77   59]
    [  63   46  -87]]]


  [[[  19  -38  108]
    [-123   18  124]
    [  -9 -119   75]]

   [[ -58  108  -36]
    [ -82 -111    7]
    [ -48  -40  -69]]

   [[  91   85  121]
    [  -6  -92  -97]
    [  90  -60  -30]]]


  [[[ -49  -53 -100]
    [  60  -24  -16]
    [  60  -79  114]]

   [[ -56  -95 -110]
    [  50  -47   -5]
    [-110   59  123]]

   [[  52  -30   95]
    [  25 -102 -111]
    [ -20  -69  -73]]]


  ...


  [[[ -25   36    8]
    [ -55  -32   70]
    [  11   28   20]]

   [[  22  -71  -58]
    [ -73  116    6]
    [   8  -16  -26]]

   [[-102 -114  -87]
    [  74  -35   -4]
    [ -15 -119  -35]]]


  [[[  61  -25  -69]
    [ -70    3  -81]
    [  68  -82 -115]]

   [[ -67  103   48]
    [ -26   81  -96]
    [  24   81  -77]]

   [[   9 -115  -91]
    [-114  -11  -69]
    [ 104    6  -72]]]


  [[[  97   90  -50]
    [  20  -26  -17]
    [  11  -78  -28]]

   [[  29 -104   20]
    [ -65    9    3]
    [ -40   55   68]]

   [[   0    5  111]
    [  -1   -7   17]
    [  37  -84  -68]]]]]
--------------------------------------------------

layer: features.16.bias
shape: torch.Size([512])
Bias: 
[ 1.3563279   0.7295825   0.41346043  1.6067877   1.0739322   0.8848348
  1.0548375   0.77577484  0.454879    0.7619653   0.38794172  0.7320586
  0.7875968   1.3242879   1.2425759   0.7129081   0.712496    0.91053396
  1.1182559   0.86848     0.29181626  0.87702954  1.0284796   1.0675923
  1.007163    1.0794973   1.126541    1.4181508   1.1010078   1.2676898
  0.84807706  0.8020422   1.144029    1.5242782   1.22656     1.0262502
  1.0797924   0.97172236  1.0619688   1.0469663   1.1493456   1.3759276
  1.5483348   1.220911    1.4027449   0.49115595  0.9214229   0.80621934
  1.4054049   0.5296532   1.1504314   0.78729045  0.48064545  1.3019149
  1.009018    1.6422297   1.4164637   0.57358533  0.40884948  1.2896525
  0.7717589   0.9618111   1.1704433   0.64850265  1.1314633   1.3055044
  1.3513972   0.46404064  1.184576    1.346171    0.8530966   1.223194
  1.7184011   1.0066276   0.7414702   0.78231853  0.7698386   0.19151354
  0.90052867  0.7283147   1.4407153   0.8398138   0.7107543   0.42532945
  1.2063307   0.85148174  1.5797651   1.0217341   0.8579431   1.2922834
  1.5904034   1.0460669   0.75353044  0.8905063   1.2012714   0.9989873
  1.4118952   1.0544097   1.033453    1.2632754   1.0336422   0.8445491
  0.54085     1.4166465   1.0513905   1.0553335   0.2665671   1.1761365
  0.50497025  1.0617188   1.292822    1.2770298   0.8397114   0.5175821
  0.9111306   0.635234    1.0264534   1.4052804   1.1319996   1.0841855
  0.8062757   0.71020323  0.7123629   0.8157369   1.0874977   0.8191675
  1.3332009   1.0888693   0.68317467  0.17425528  0.8944097   1.4989306
  1.4278415   0.8291868   1.0114765   1.165227    0.9567381   1.3236809
  0.60008115  1.4211051   0.8623858   1.343285    1.2230825   1.1237712
 -0.38578424  0.8916373   0.86773866  0.89532804  1.066032    1.3918688
  0.9256945   0.31726617  0.48996174  1.1489657   0.70281935  1.2723227
  1.3216981  -0.20841216  0.5880608   1.2085682   1.1291746   0.43833074
  0.8740706   1.1321503   1.537463    0.59811914  1.3343495   0.7934815
  1.3152332   1.2558705   1.1673424   0.24999845  0.7571462   0.81320196
  1.012883    0.87351525  1.4268574   0.5390783   0.9447399   0.4357435
  1.4627538   1.3179444   0.65780103  0.98708117  0.9015954   1.1293361
  0.8210594   0.87852985  1.1256319   0.78315794  0.8814811   0.5569566
  0.89725125  1.2679939   1.1370366   0.40815097  0.7651507   1.2156273
  1.3787384   0.76233965  1.1206594   0.23550376  1.3752582   1.2983522
  1.5597005   1.4594816   0.75186014  1.4023156   0.6731541   0.7870952
  1.0122571   1.6501707   1.1796998   0.9015569   0.9716755   1.2995588
 -0.00952231  1.0652713   1.0688844   0.78575504  0.91062015  1.3435097
  1.5926932   1.1632855   0.10255996  1.0909386   0.54262036  1.4495927
  1.1325276   0.0460421   1.4003578   1.052069    1.1413248   1.2811326
  0.78476363  0.41621912  1.2594682   1.3507526   0.6974608   1.3858658
  1.5985359   1.0917839   1.2953513   0.8739466   0.04425927  1.432774
  0.27959123  1.0247759   1.0152893   0.8909992   0.45884806  1.3461175
  0.91274554  1.1295979   0.7423237   1.2449163   1.3366451   0.9332244
  0.89332134  1.4248093   1.0210865   0.6214893   1.1298529   0.3731968
  1.3397249   1.0888057   0.43603837  0.22963849  1.0474943   1.0572401
  1.1475612   1.2787426   0.8867947   0.80252904  1.0302863   0.77965385
  1.7293704   1.3558332   1.1786324   0.9417582   0.8521599   1.0919465
  1.1518828   1.1308765   1.040156    0.83972424  0.97239864  0.93008476
  1.0597873   1.3587222   0.9523559   0.52846056  0.06967956  0.2195721
  1.6515124   1.0458245   1.1650388   1.4010334   0.40906358  1.3993381
  0.5704287   1.4123513   0.581622    1.0979472   0.88420385  1.4231873
  0.6993138   1.0052317   1.46495     0.9926871   0.60330707  0.7276718
  0.22030841  0.94205105  0.81048137  1.4776515   1.3360708   0.49796706
  0.7717581   1.1489617   1.2678231   0.7286946   0.70606303  0.72713476
  1.3926668   0.3819703   0.08148508  1.2371042   0.8246446   0.5988437
  1.5202059   0.5367884   1.1847476   1.3774378   0.45403224  0.83767396
  1.0374477   1.2904867   0.9797366   0.9425076   1.1982164   1.030525
  1.476035    0.41023794  0.7696483   1.4220616   1.2327186   1.4287901
  1.5400325   1.0573537   0.5327774   1.2361897   0.9552594   0.64963526
  0.96903884  0.81101596  1.2892982   1.0169358   0.84049374  1.1117855
  1.1265317   0.7719969   0.849006    0.93902344  0.86824876  1.1818727
  0.35102427  1.0471244   1.5527015   0.97997224  1.1375158   0.92634
  0.7552591   0.84696215  1.2619305   0.5019979   0.28873694  1.0933347
  0.6326154   0.76209056  1.1062217   1.0368266   1.0539917   1.0441602
  1.0522697   1.0335546   0.9838596   1.147723    1.0615826   1.0092292
  1.5133224   0.71604055  1.3690501   1.0304598   1.3592806   0.6417092
  1.3305751   0.60958505  0.89344543  0.7400472   0.9847432   1.2213829
  1.5445204   0.66855836  0.8946784   1.5933461   1.0020399   1.1806613
  0.95010114  0.10342887  1.2257724   1.0900489   0.5234917   1.3204273
  1.0424165   0.9858254   1.0645534   1.4405881   0.70921975  0.19633225
  0.9281817   1.5645003   1.0675641   0.27314878  1.5580672   1.1490625
  0.7405204   0.37765792  0.61948127  0.89264584  0.79808444  0.3318362
  0.7572597   0.86038786  0.63053733  1.5436844   1.1281463   0.7518823
  1.1172143   1.2222272   1.0350074   0.9950998   1.4010793   1.1692514
  0.45838985  0.68780375  1.0750837   1.5596858   1.300077    1.1389669
  0.6603366   0.6415749   1.3574276   1.0942116   0.9229917   0.5962509
  0.24452014  1.2685914   1.0550327   1.1478819   0.6704449   0.7095253
  1.239151    0.8449759   0.24254541  0.69429487  0.87561405  0.06504001
  1.091028    1.2574606   0.5890541   1.3430852   1.5696595   1.0961654
  1.4180413   1.064527    1.6780922   0.12602502  0.6399285   1.453332
  1.2314138   0.8810332   0.3322093   1.5270375   1.3799721   1.4340361
  1.0092318   1.2063279   0.5341079   1.2292936   0.71656233  1.2122035
  0.36540735  1.6504534   1.2928119   0.9758021   1.0899165   1.1371661
  1.2822721   0.27385065  0.88167053  0.89331245 -0.07872189  0.8465062
  0.99657315  1.1087611   0.65503025  1.0568012   0.79102546  1.6047814
  0.50059944  1.3307507 ]
--------------------------------------------------

layer: features.18.weight
shape: torch.Size([512, 512, 3, 3, 3])
weights: 
[[[[[ -72 -116  -28]
    [ -58 -125 -114]
    [  20  -20 -111]]

   [[ -30   30   -5]
    [  55  118  -81]
    [ -17   53   49]]

   [[ -15  115   32]
    [  39   13   64]
    [-106  -97   39]]]


  [[[  -6   11  -63]
    [  75  125 -120]
    [ -28  -29  -80]]

   [[ -88   10  -10]
    [  59   28  -79]
    [-115  -11   45]]

   [[  39  -36  114]
    [  97  -31 -107]
    [ -77  -25   77]]]


  [[[ -37 -120   90]
    [ -34   81   53]
    [-127 -119  -58]]

   [[  -4  -75    0]
    [-112   17    3]
    [  18   75   -6]]

   [[ 119  -69 -110]
    [ 126  -49  -59]
    [-108   42 -109]]]


  ...


  [[[ -86  -54  -48]
    [  85   80   72]
    [   8  -80 -120]]

   [[ -46  110   33]
    [   6  -62  106]
    [-106  -18  -98]]

   [[  33   65  -73]
    [  18  -95   -6]
    [ -98   97  -34]]]


  [[[  29  -81  -54]
    [ -99  -18  -47]
    [  10  -47   99]]

   [[ -99  -81 -127]
    [ -42 -113   72]
    [ 113  -21   41]]

   [[ -46  -95 -102]
    [ -28  -94  -77]
    [  74   -2 -111]]]


  [[[ -13   59   36]
    [  46    2 -111]
    [  11  -85  118]]

   [[-105  -34  -50]
    [ -32 -117   58]
    [ -65   31   93]]

   [[-128  -38  -61]
    [ -29 -103  -64]
    [-122  -58   81]]]]



 [[[[ 113  -48  -67]
    [ -41   72   85]
    [ -86   94  112]]

   [[  75   30  -23]
    [ -23   -9 -100]
    [  49  -39 -126]]

   [[  12  119 -123]
    [ -56   40  -75]
    [  36   58  -31]]]


  [[[ -42   83   94]
    [  83  116  121]
    [-112   17   50]]

   [[  38   48  -75]
    [  34 -121  104]
    [ 125 -104  -16]]

   [[-121  -65  -19]
    [  -1  -46  120]
    [ -59   11    8]]]


  [[[ -45  -88  -14]
    [-128 -100   67]
    [ -59   30  -61]]

   [[  53  -27  -50]
    [ -51   13  -37]
    [ -81    0 -109]]

   [[-122    7 -102]
    [ 115  113  115]
    [-120   49   95]]]


  ...


  [[[-101    4  112]
    [  30   48  -45]
    [-106   92 -117]]

   [[  27  103  122]
    [  88   24 -122]
    [ -34  -97 -105]]

   [[ 113   11 -110]
    [ -97   50  -97]
    [  90   93  -83]]]


  [[[ 123   14   89]
    [  48  110  -71]
    [  33  106   79]]

   [[ -60   84   43]
    [-109   92  -95]
    [ 105 -103  -68]]

   [[-105   11  115]
    [ -13   -2   98]
    [-111  126  -10]]]


  [[[  83  119  -41]
    [-104  -86   24]
    [ -19   76   36]]

   [[ -14   29  -22]
    [  29   69  -80]
    [ -89   88   40]]

   [[  85   70  -13]
    [  87  -66  -85]
    [  97  -67  -36]]]]



 [[[[ -76  -79  118]
    [  -1   -2   65]
    [ 104   24  -94]]

   [[ -60  -69   -8]
    [  93   -2  -50]
    [ -49  -35   12]]

   [[ -52 -109   55]
    [   8  -54 -118]
    [ -63   62  -78]]]


  [[[  26  119 -128]
    [ -74   85  -41]
    [ 120   22  -80]]

   [[  68   27   60]
    [ -81  -93   96]
    [ -12   65   95]]

   [[  41  106  -69]
    [  40  -47  -79]
    [ 112   12   66]]]


  [[[-104    7  -22]
    [ -48    9  -86]
    [ 100  -61  -12]]

   [[  46 -128   70]
    [ -37  118    7]
    [-107  -99   23]]

   [[ -20  -59   30]
    [  86  100   68]
    [ -32  -51   -8]]]


  ...


  [[[  98   35   41]
    [  34  -54 -109]
    [  -3  114   79]]

   [[  50    0   16]
    [  62   73   32]
    [  95   27   58]]

   [[ -64 -124  -79]
    [ -65   67  -94]
    [-100    2  123]]]


  [[[  45  122  -50]
    [  39  119   31]
    [  21  -61  -16]]

   [[ -39   30   16]
    [ -70   12  123]
    [  96  -37   67]]

   [[ -73  -29   94]
    [  77   98  -72]
    [  -6  -36  -24]]]


  [[[  59  -15   93]
    [-108  -39   88]
    [ 105   16   68]]

   [[ 107  109  107]
    [-110  -84   66]
    [  52   88  -30]]

   [[ -58  125  -50]
    [  42   36   49]
    [  54   91  -72]]]]



 ...



 [[[[ 104   75  -15]
    [  63   47 -123]
    [  26 -125   35]]

   [[  70   -4   41]
    [ -55  -94   93]
    [  40  -27   -5]]

   [[ -61   71 -124]
    [  21   23   39]
    [ 106  -36   70]]]


  [[[  50 -102  -43]
    [  93  -24   35]
    [ -98  -57  -54]]

   [[  -4  -76   -9]
    [ -58   55   86]
    [-118   30   59]]

   [[-126 -113  -47]
    [  57   16  -11]
    [ -74   86   -3]]]


  [[[  -3  -46   24]
    [ -47  -43  -44]
    [ -40  -31  -49]]

   [[ -54  115   26]
    [  92  -96 -121]
    [  61  -60    5]]

   [[  64  -86  -26]
    [-117  -82  -44]
    [  41 -118  -32]]]


  ...


  [[[ -42 -108   -2]
    [ -11  -46 -100]
    [ -76  110   19]]

   [[  13 -113  119]
    [-110  -25 -108]
    [  97   -9  -35]]

   [[  34   36  -41]
    [  48   22  125]
    [ 112  -93   83]]]


  [[[ -30   34  107]
    [ -22   38   90]
    [  79  -44  102]]

   [[ -62  -39  -79]
    [-116 -123 -128]
    [ -31  -55   81]]

   [[ -93    6  -81]
    [-106   22   98]
    [ -37   52   85]]]


  [[[  -3   -8   98]
    [  84 -128  -64]
    [  16   63 -118]]

   [[  48 -126  105]
    [-100   81 -119]
    [ -58  -48  -74]]

   [[ 126   10  -96]
    [ -86 -128  -65]
    [ -65   91  -64]]]]



 [[[[ -98   70 -109]
    [  11  -53   27]
    [-112  -75   92]]

   [[ 125   46   42]
    [  -7   -7   82]
    [ -16  -32  119]]

   [[ -63   91   -5]
    [  70   76   58]
    [ -24  -71  114]]]


  [[[ -59   34   -2]
    [-100  -53 -105]
    [  54   24  -63]]

   [[  78  -64   81]
    [  46   32  -74]
    [  49  113  -80]]

   [[ -20  -38   92]
    [  -7  -48  108]
    [   1   55   78]]]


  [[[  -9  -11   58]
    [  73   -5    6]
    [ -39  -33  -90]]

   [[-120   69  112]
    [ 127  -66   89]
    [  86   11  -85]]

   [[  84  105  -93]
    [ 104   79  -20]
    [  94    9   56]]]


  ...


  [[[ -19   35   28]
    [   7 -127   25]
    [-107   99  -34]]

   [[   5   40 -119]
    [  58 -107   -8]
    [  13   -2  108]]

   [[  69   -7   83]
    [ 106   28   65]
    [-125  -70   79]]]


  [[[ 110  -22  -66]
    [ -23 -124   11]
    [ -94  -15  -40]]

   [[ -54 -125   71]
    [-110  113   19]
    [  63  -43 -113]]

   [[ -12  -17  -24]
    [-126  -10 -102]
    [ 107   38  -49]]]


  [[[-113  -79   36]
    [ -59 -128   67]
    [ -44  -53  -52]]

   [[ 118   27  -57]
    [  76   58   80]
    [ -20  114  104]]

   [[ -44   83   -7]
    [-113  108   66]
    [   9  -76   41]]]]



 [[[[  39   49   82]
    [ -79   33  -97]
    [ -35  -56 -109]]

   [[ -36   58   48]
    [   3  -40  -70]
    [ -26   42  -81]]

   [[  42  -26   44]
    [-112   92   17]
    [  27  -82    0]]]


  [[[ -25  -44   66]
    [  66   13  101]
    [ -78   49  -48]]

   [[  98  -85 -104]
    [ -90   53  -51]
    [ -28   -1   75]]

   [[  94 -104  -63]
    [ -60   -5   81]
    [ 110   67  123]]]


  [[[ -98 -108  -81]
    [ -49  113   73]
    [  47 -112    2]]

   [[   1   -1 -105]
    [  25  123   26]
    [  87 -126   26]]

   [[ 116  -55  -45]
    [ -26  100   77]
    [-117  107  -66]]]


  ...


  [[[-124  -93   79]
    [-119  -23  -38]
    [ -62   56  118]]

   [[  -6 -128  105]
    [ -91  -57  -61]
    [ -13  -19   82]]

   [[  86   49  121]
    [ -39   26   84]
    [  22   53   31]]]


  [[[  70   55   28]
    [  98   81   23]
    [ -20  -87   70]]

   [[  81   50  -44]
    [ -91   32   34]
    [ -68   20   80]]

   [[ 101  120  -85]
    [  39   69  -74]
    [  61  118  -15]]]


  [[[  49  -11   -8]
    [   0   13  -33]
    [ 124  -50   57]]

   [[ -34   13  -25]
    [  67 -127 -111]
    [ -70    3    0]]

   [[ -20 -107 -127]
    [ -89  -67  100]
    [  76   55   10]]]]]
--------------------------------------------------

layer: features.18.bias
shape: torch.Size([512])
Bias: 
[1.0852243  0.90827465 1.0339125  0.82605594 1.0361145  1.0058411
 1.0569615  0.9391786  1.01963    0.94652355 0.92336756 1.1221533
 0.94818604 1.4195962  0.9875493  0.9687492  0.7952296  1.1050023
 0.88398606 1.1646671  1.1210405  0.9316793  1.0265245  0.8137989
 1.1769886  1.071593   0.6261633  1.0938293  1.017681   1.2609049
 1.032404   0.9431649  0.8444049  0.9538665  1.0714619  0.98264545
 1.1553035  0.8885033  1.1988086  1.0971643  0.9786092  0.9129642
 1.1719177  0.63115877 0.8794457  1.1903781  1.1633865  0.8471157
 1.0468166  1.1277161  1.0442498  1.1092479  0.9132911  1.0600024
 0.9831022  0.6403552  0.9597391  0.7662512  1.1129632  0.8970574
 1.1531744  0.82261634 1.0015631  0.8758698  0.96169347 0.9494674
 0.880728   1.4173627  0.963112   0.95043033 1.1353691  0.9806287
 0.76741344 0.8715385  1.0313828  0.983084   0.9469983  0.99266624
 1.348931   1.0762982  0.9414176  1.0730135  1.0254709  1.1767555
 1.0707501  0.8307431  0.9921285  0.7978514  0.7538166  0.8190873
 1.2580085  0.76217544 0.8364973  0.9034606  0.7628909  0.6877593
 1.144464   0.8138209  0.94183224 1.1777834  1.0190768  1.0370529
 1.1949897  1.0579805  1.102771   0.9149876  1.0623572  0.9060567
 0.79533005 0.97676617 1.0160992  0.8166265  1.1147764  1.1154755
 1.0170559  0.71124196 0.9357143  0.7852642  1.5191422  1.1329634
 0.8372287  0.9840519  1.0408802  0.8067068  1.0078707  1.0994986
 1.0333096  0.86977345 0.85856456 0.9735298  1.0332541  0.8789735
 1.0630829  1.0830711  1.2179278  0.9292862  0.9639055  0.9218461
 0.9987319  0.8487964  0.96916676 1.0144336  1.014921   0.9333901
 1.0539801  1.2833989  1.6030804  0.96916    0.84266955 0.95933783
 1.2059053  0.96289504 1.240647   0.9057365  0.9600886  1.3632988
 1.0093855  0.7324937  1.0262078  1.0024917  0.8495006  1.0459514
 0.9290414  1.1598115  0.83887017 1.0972589  0.9306873  0.8972964
 1.055634   0.93969107 0.8861113  0.9737449  1.1835436  0.8858939
 1.0056994  0.7945217  0.73347324 0.7814773  1.3891956  1.0222886
 1.0676905  1.0399781  0.8854396  0.9242018  0.85616636 1.049941
 1.0635108  1.1259238  0.861459   0.82046175 1.0232145  1.1847667
 1.2256607  1.0636446  0.9926477  1.062066   0.89528155 0.9702627
 0.9033666  1.0452156  1.0749294  0.8602158  0.96513915 0.8219539
 0.66783494 1.0438396  0.81761384 0.9195752  0.7139137  0.68659395
 0.86281294 0.88509506 1.0019745  1.0649374  0.9631117  0.7461632
 1.1058403  0.84402096 1.2152194  1.4043627  1.2399598  0.88217527
 0.7504405  1.0183654  0.8575233  0.9403459  0.9567786  0.9507438
 1.0814673  1.0062062  0.95700556 0.6962767  0.7855862  0.97917897
 0.7535083  0.94202745 1.0366971  0.9604177  1.1124369  1.0036252
 1.0891737  1.189851   1.3644775  1.0736532  1.2329772  1.0454843
 1.0218141  0.97625047 0.94529945 1.3387445  0.9175232  1.009517
 0.8290833  1.2934754  0.91819394 0.9803411  1.0886664  1.0737444
 1.1775947  0.8629339  0.95374095 1.0490224  0.9268671  1.0970209
 0.8891384  1.0548843  0.93482023 1.0268148  0.9337428  0.93293595
 0.97759724 1.0472248  0.7906471  1.0289546  0.90312266 1.4537225
 1.145331   1.2766217  0.9927361  0.81025994 1.0713598  1.0430522
 1.2980855  0.852989   1.3389983  1.0102133  0.93717396 1.010088
 1.1500874  1.1735997  1.0664247  1.0484002  0.89531684 0.7588781
 0.8016502  0.9960325  0.87245524 0.9477013  0.88710487 1.0667986
 1.107403   1.0889579  1.181942   0.9842004  0.9418057  1.1471865
 1.05648    0.8874242  1.0861264  0.9091394  0.85003465 0.89366347
 0.9495761  1.1085027  0.8768387  1.2951789  1.0699545  1.0083979
 0.8911656  0.8004921  0.9429341  1.0053724  1.0403632  0.6484076
 0.94279546 1.0731236  0.7302883  1.1862972  0.9859979  0.780736
 0.95192933 0.9574159  1.2000065  1.0153319  0.74369866 1.176854
 0.9894431  1.0938228  1.0303265  1.0179031  0.8861775  0.85415524
 0.7910729  1.206865   0.8876107  0.9444426  1.0051973  0.9634688
 0.9301503  0.9825122  1.3134456  1.1997331  0.9629107  1.0663054
 1.586366   1.00573    0.7707046  0.83316714 1.191454   0.9148125
 0.9179613  1.0117778  0.96988165 0.8653444  1.1834397  0.9929518
 0.9700161  1.019349   0.81049097 1.1047968  0.991217   0.87699664
 1.0701165  1.1171317  0.8976277  0.81723446 1.1317989  0.80975
 1.0472062  0.911397   0.8702459  1.1138971  0.8062691  1.1172042
 0.99191195 1.336178   0.9999005  0.7903431  1.1028922  0.88311106
 1.081812   0.98970485 1.5002238  0.8445435  1.0209162  0.91918063
 0.7615058  1.0032592  0.9708545  0.8545599  1.0925483  0.92351305
 1.3328443  0.86691004 0.85477173 0.9837154  0.41551408 1.0409483
 1.4868112  0.86220646 0.9568818  0.90221167 0.8007272  0.88694584
 0.99120295 0.9222592  0.9903221  0.7091099  1.0572753  1.037626
 1.2480193  1.0899037  0.7326644  0.8524864  0.6766267  1.0961972
 0.92285556 0.7621345  1.172469   1.0864434  0.7070939  1.2995573
 0.74989945 0.818936   1.5121098  1.2007856  1.0602849  0.9503911
 0.8337815  1.0776519  0.8290277  1.3400322  0.7090049  0.53246343
 1.0248739  1.0981256  0.72180057 0.6973834  0.94852114 0.91330576
 1.0253077  0.72889787 1.0536975  1.0216421  1.072428   1.1492571
 1.0355744  0.9263778  1.0307915  0.8874379  1.0801663  1.1578944
 1.1011043  1.0178407  1.054112   0.95982474 1.1431228  1.2529552
 0.78168076 1.0650527  1.0638777  0.73602086 0.9674803  1.5166273
 0.9513588  1.1028216  1.073489   0.85913914 0.8745347  0.9145695
 1.0622377  0.9224651  0.9499079  0.87686044 0.8870695  0.9063076
 0.89812696 0.7145713  0.8836723  1.1183127  0.9731174  0.74138075
 0.82251275 1.2664727  0.9815389  1.0989531  0.5311009  1.0366733
 1.148735   1.0269473  0.85799885 0.79384923 0.58895123 1.0383157
 1.1466467  0.92459774 0.97094554 0.9860082  0.94695216 0.86176574
 1.0348316  1.1624019 ]
--------------------------------------------------

layer: classifier.0.weight
shape: torch.Size([4096, 8192])
weights: 
[[  43  -40    8 ...  110  110  123]
 [  23   81  -71 ... -124  -41   38]
 [-117   -6  106 ...  108  124 -126]
 ...
 [ -60  -97   98 ...   91 -124   -3]
 [ 114  -69  -91 ... -105    5  -34]
 [ -74  -70 -100 ...  -69   25  -56]]
--------------------------------------------------

layer: classifier.0.bias
shape: torch.Size([4096])
Bias: 
[0.99997413 0.99993145 0.99999535 ... 0.9999262  0.99993724 1.0000105 ]
--------------------------------------------------

layer: classifier.3.weight
shape: torch.Size([4096, 4096])
weights: 
[[ -96  -86  -69 ...   16   51   15]
 [  89   55   14 ...   81  -81 -101]
 [ -50   78  -28 ...   57  -74   24]
 ...
 [ 127   73  -99 ...   67  -62  -87]
 [ -70   97   59 ...  -94  118   42]
 [   4  -94 -126 ...  -79   37  -65]]
--------------------------------------------------

layer: classifier.3.bias
shape: torch.Size([4096])
Bias: 
[1.0000257  1.0000055  0.99991333 ... 0.9998687  0.99980915 0.9999898 ]
--------------------------------------------------

layer: classifier.6.weight
shape: torch.Size([487, 4096])
weights: 
[[ 123  112   54 ...  -62   93   48]
 [  92  -13  -22 ...   65   -9  -32]
 [ -10  -46  -27 ...   56    1   52]
 ...
 [  33    1   61 ...  -87  119   87]
 [ 122 -119 -124 ...  120   80   35]
 [ -68  -17  -52 ...  -28   61  -31]]
--------------------------------------------------

layer: classifier.6.bias
shape: torch.Size([487])
Bias: 
[0. 0. 0. 0. 0. 0. 0. 0. 0. 0. 0. 0. 0. 0. 0. 0. 0. 0. 0. 0. 0. 0. 0. 0.
 0. 0. 0. 0. 0. 0. 0. 0. 0. 0. 0. 0. 0. 0. 0. 0. 0. 0. 0. 0. 0. 0. 0. 0.
 0. 0. 0. 0. 0. 0. 0. 0. 0. 0. 0. 0. 0. 0. 0. 0. 0. 0. 0. 0. 0. 0. 0. 0.
 0. 0. 0. 0. 0. 0. 0. 0. 0. 0. 0. 0. 0. 0. 0. 0. 0. 0. 0. 0. 0. 0. 0. 0.
 0. 0. 0. 0. 0. 0. 0. 0. 0. 0. 0. 0. 0. 0. 0. 0. 0. 0. 0. 0. 0. 0. 0. 0.
 0. 0. 0. 0. 0. 0. 0. 0. 0. 0. 0. 0. 0. 0. 0. 0. 0. 0. 0. 0. 0. 0. 0. 0.
 0. 0. 0. 0. 0. 0. 0. 0. 0. 0. 0. 0. 0. 0. 0. 0. 0. 0. 0. 0. 0. 0. 0. 0.
 0. 0. 0. 0. 0. 0. 0. 0. 0. 0. 0. 0. 0. 0. 0. 0. 0. 0. 0. 0. 0. 0. 0. 0.
 0. 0. 0. 0. 0. 0. 0. 0. 0. 0. 0. 0. 0. 0. 0. 0. 0. 0. 0. 0. 0. 0. 0. 0.
 0. 0. 0. 0. 0. 0. 0. 0. 0. 0. 0. 0. 0. 0. 0. 0. 0. 0. 0. 0. 0. 0. 0. 0.
 0. 0. 0. 0. 0. 0. 0. 0. 0. 0. 0. 0. 0. 0. 0. 0. 0. 0. 0. 0. 0. 0. 0. 0.
 0. 0. 0. 0. 0. 0. 0. 0. 0. 0. 0. 0. 0. 0. 0. 0. 0. 0. 0. 0. 0. 0. 0. 0.
 0. 0. 0. 0. 0. 0. 0. 0. 0. 0. 0. 0. 0. 0. 0. 0. 0. 0. 0. 0. 0. 0. 0. 0.
 0. 0. 0. 0. 0. 0. 0. 0. 0. 0. 0. 0. 0. 0. 0. 0. 0. 0. 0. 0. 0. 0. 0. 0.
 0. 0. 0. 0. 0. 0. 0. 0. 0. 0. 0. 0. 0. 0. 0. 0. 0. 0. 0. 0. 0. 0. 0. 0.
 0. 0. 0. 0. 0. 0. 0. 0. 0. 0. 0. 0. 0. 0. 0. 0. 0. 0. 0. 0. 0. 0. 0. 0.
 0. 0. 0. 0. 0. 0. 0. 0. 0. 0. 0. 0. 0. 0. 0. 0. 0. 0. 0. 0. 0. 0. 0. 0.
 0. 0. 0. 0. 0. 0. 0. 0. 0. 0. 0. 0. 0. 0. 0. 0. 0. 0. 0. 0. 0. 0. 0. 0.
 0. 0. 0. 0. 0. 0. 0. 0. 0. 0. 0. 0. 0. 0. 0. 0. 0. 0. 0. 0. 0. 0. 0. 0.
 0. 0. 0. 0. 0. 0. 0. 0. 0. 0. 0. 0. 0. 0. 0. 0. 0. 0. 0. 0. 0. 0. 0. 0.
 0. 0. 0. 0. 0. 0. 0.]
--------------------------------------------------
